Project3 Dipole-Dipole_1
3.00
11
3
Type of measurement (0=app.resistivity,1=resistance)
1
1469
2
0
4 9.00 0.00 6.00 0.00 0.00 0.00 3.00 0.00 0.560875
4 12.00 0.00 9.00 0.00 0.00 0.00 3.00 0.00 0.135432
4 12.00 0.00 9.00 0.00 3.00 0.00 6.00 0.00 0.579625
4 15.00 0.00 12.00 0.00 0.00 0.00 3.00 0.00 0.0573362
4 15.00 0.00 12.00 0.00 3.00 0.00 6.00 0.00 0.146448
4 18.00 0.00 15.00 0.00 0.00 0.00 3.00 0.00 0.0279819
4 18.00 0.00 12.00 0.00 0.00 0.00 6.00 0.00 0.292511
4 15.00 0.00 12.00 0.00 6.00 0.00 9.00 0.00 0.571203
4 18.00 0.00 15.00 0.00 3.00 0.00 6.00 0.00 0.058064
4 21.00 0.00 18.00 0.00 0.00 0.00 3.00 0.00 0.016285
4 18.00 0.00 15.00 0.00 6.00 0.00 9.00 0.00 0.137829
4 24.00 0.00 21.00 0.00 0.00 0.00 3.00 0.00 0.01066
4 21.00 0.00 18.00 0.00 3.00 0.00 6.00 0.00 0.0277259
4 24.00 0.00 18.00 0.00 0.00 0.00 6.00 0.00 0.0685027
4 18.00 0.00 15.00 0.00 9.00 0.00 12.00 0.00 0.547185
4 21.00 0.00 18.00 0.00 6.00 0.00 9.00 0.00 0.0522341
4 24.00 0.00 21.00 0.00 3.00 0.00 6.00 0.00 0.0163735
4 27.00 0.00 24.00 0.00 0.00 0.00 3.00 0.00 0.00697297
4 24.00 0.00 21.00 0.00 6.00 0.00 9.00 0.00 0.0258233
4 27.00 0.00 24.00 0.00 3.00 0.00 6.00 0.00 0.0108116
4 30.00 0.00 27.00 0.00 0.00 0.00 3.00 0.00 0.00532643
4 21.00 0.00 18.00 0.00 9.00 0.00 12.00 0.00 0.126734
4 30.00 0.00 24.00 0.00 0.00 0.00 6.00 0.00 0.0299706
4 24.00 0.00 18.00 0.00 6.00 0.00 12.00 0.00 0.256748
4 27.00 0.00 24.00 0.00 6.00 0.00 9.00 0.00 0.0157088
4 30.00 0.00 27.00 0.00 3.00 0.00 6.00 0.00 0.00681736
4 21.00 0.00 18.00 0.00 12.00 0.00 15.00 0.00 0.550154
4 24.00 0.00 21.00 0.00 9.00 0.00 12.00 0.00 0.0520341
4 30.00 0.00 27.00 0.00 6.00 0.00 9.00 0.00 0.0105429
4 33.00 0.00 30.00 0.00 3.00 0.00 6.00 0.00 0.00535174
4 27.00 0.00 24.00 0.00 9.00 0.00 12.00 0.00 0.0271394
4 30.00 0.00 24.00 0.00 6.00 0.00 12.00 0.00 0.0681978
4 24.00 0.00 21.00 0.00 12.00 0.00 15.00 0.00 0.143776
4 36.00 0.00 24.00 0.00 0.00 0.00 12.00 0.00 0.141208
4 36.00 0.00 30.00 0.00 0.00 0.00 6.00 0.00 0.0157471
4 24.00 0.00 21.00 0.00 15.00 0.00 18.00 0.00 0.567096
4 27.00 0.00 24.00 0.00 12.00 0.00 15.00 0.00 0.0586795
4 33.00 0.00 30.00 0.00 6.00 0.00 9.00 0.00 0.00594557
4 30.00 0.00 27.00 0.00 9.00 0.00 12.00 0.00 0.0156084
4 27.00 0.00 24.00 0.00 15.00 0.00 18.00 0.00 0.140371
4 33.00 0.00 30.00 0.00 9.00 0.00 12.00 0.00 0.00945703
4 36.00 0.00 33.00 0.00 6.00 0.00 9.00 0.00 0.00512986
4 30.00 0.00 27.00 0.00 12.00 0.00 15.00 0.00 0.0299693
4 42.00 0.00 36.00 0.00 0.00 0.00 6.00 0.00 0.00886546
4 36.00 0.00 30.00 0.00 6.00 0.00 12.00 0.00 0.0278591
4 30.00 0.00 24.00 0.00 12.00 0.00 18.00 0.00 0.286224
4 27.00 0.00 24.00 0.00 18.00 0.00 21.00 0.00 0.564619
4 30.00 0.00 27.00 0.00 15.00 0.00 18.00 0.00 0.056475
4 33.00 0.00 30.00 0.00 12.00 0.00 15.00 0.00 0.016524
4 36.00 0.00 33.00 0.00 9.00 0.00 12.00 0.00 0.00662012
4 30.00 0.00 27.00 0.00 18.00 0.00 21.00 0.00 0.139845
4 33.00 0.00 30.00 0.00 15.00 0.00 18.00 0.00 0.0274377
4 36.00 0.00 33.00 0.00 12.00 0.00 15.00 0.00 0.0111047
4 39.00 0.00 36.00 0.00 9.00 0.00 12.00 0.00 0.00502116
4 42.00 0.00 30.00 0.00 6.00 0.00 18.00 0.00 0.142087
4 48.00 0.00 36.00 0.00 0.00 0.00 12.00 0.00 0.0363633
4 48.00 0.00 42.00 0.00 0.00 0.00 6.00 0.00 0.00558058
4 42.00 0.00 36.00 0.00 6.00 0.00 12.00 0.00 0.0138539
4 36.00 0.00 30.00 0.00 12.00 0.00 18.00 0.00 0.0721846
4 33.00 0.00 30.00 0.00 18.00 0.00 21.00 0.00 0.0530525
4 36.00 0.00 33.00 0.00 15.00 0.00 18.00 0.00 0.0169205
4 39.00 0.00 36.00 0.00 12.00 0.00 15.00 0.00 0.00650273
4 30.00 0.00 27.00 0.00 21.00 0.00 24.00 0.00 0.603123
4 39.00 0.00 36.00 0.00 15.00 0.00 18.00 0.00 0.00957188
4 36.00 0.00 33.00 0.00 18.00 0.00 21.00 0.00 0.0282
4 42.00 0.00 39.00 0.00 12.00 0.00 15.00 0.00 0.0046241
4 36.00 0.00 30.00 0.00 18.00 0.00 24.00 0.00 0.269666
4 33.00 0.00 30.00 0.00 21.00 0.00 24.00 0.00 0.134417
4 54.00 0.00 36.00 0.00 0.00 0.00 18.00 0.00 0.0946114
4 54.00 0.00 48.00 0.00 0.00 0.00 6.00 0.00 0.00363892
4 48.00 0.00 42.00 0.00 6.00 0.00 12.00 0.00 0.00782841
4 42.00 0.00 36.00 0.00 12.00 0.00 18.00 0.00 0.0280918
4 33.00 0.00 30.00 0.00 24.00 0.00 27.00 0.00 0.609021
4 36.00 0.00 33.00 0.00 21.00 0.00 24.00 0.00 0.0561839
4 39.00 0.00 36.00 0.00 18.00 0.00 21.00 0.00 0.0145426
4 42.00 0.00 39.00 0.00 15.00 0.00 18.00 0.00 0.00705802
4 36.00 0.00 33.00 0.00 24.00 0.00 27.00 0.00 0.146291
4 39.00 0.00 36.00 0.00 21.00 0.00 24.00 0.00 0.0252957
4 42.00 0.00 39.00 0.00 18.00 0.00 21.00 0.00 0.00951769
4 48.00 0.00 36.00 0.00 12.00 0.00 24.00 0.00 0.13436
4 42.00 0.00 36.00 0.00 18.00 0.00 24.00 0.00 0.065678
4 54.00 0.00 42.00 0.00 6.00 0.00 18.00 0.00 0.0346646
4 60.00 0.00 54.00 0.00 0.00 0.00 6.00 0.00 0.00214638
4 54.00 0.00 48.00 0.00 6.00 0.00 12.00 0.00 0.00516726
4 48.00 0.00 42.00 0.00 12.00 0.00 18.00 0.00 0.0134199
4 60.00 0.00 48.00 0.00 0.00 0.00 12.00 0.00 0.0145486
4 45.00 0.00 42.00 0.00 15.00 0.00 18.00 0.00 0.00457038
4 39.00 0.00 36.00 0.00 24.00 0.00 27.00 0.00 0.0511566
4 45.00 0.00 42.00 0.00 18.00 0.00 21.00 0.00 0.00622549
4 36.00 0.00 33.00 0.00 27.00 0.00 30.00 0.00 0.576868
4 42.00 0.00 39.00 0.00 21.00 0.00 24.00 0.00 0.0155641
4 39.00 0.00 36.00 0.00 27.00 0.00 30.00 0.00 0.130447
4 42.00 0.00 39.00 0.00 24.00 0.00 27.00 0.00 0.0282507
4 45.00 0.00 42.00 0.00 21.00 0.00 24.00 0.00 0.0095407
4 60.00 0.00 54.00 0.00 6.00 0.00 12.00 0.00 0.00291818
4 48.00 0.00 45.00 0.00 18.00 0.00 21.00 0.00 0.00451576
4 60.00 0.00 42.00 0.00 6.00 0.00 24.00 0.00 0.0913569
4 54.00 0.00 48.00 0.00 12.00 0.00 18.00 0.00 0.00774386
4 48.00 0.00 42.00 0.00 18.00 0.00 24.00 0.00 0.0264897
4 42.00 0.00 36.00 0.00 24.00 0.00 30.00 0.00 0.2646
4 45.00 0.00 42.00 0.00 24.00 0.00 27.00 0.00 0.0151783
4 48.00 0.00 45.00 0.00 21.00 0.00 24.00 0.00 0.0066592
4 39.00 0.00 36.00 0.00 30.00 0.00 33.00 0.00 0.492374
4 42.00 0.00 39.00 0.00 27.00 0.00 30.00 0.00 0.0530593
4 42.00 0.00 39.00 0.00 30.00 0.00 33.00 0.00 0.131915
4 48.00 0.00 45.00 0.00 24.00 0.00 27.00 0.00 0.00953865
4 51.00 0.00 48.00 0.00 21.00 0.00 24.00 0.00 0.00476392
4 72.00 0.00 60.00 0.00 0.00 0.00 12.00 0.00 0.00749001
4 48.00 0.00 42.00 0.00 24.00 0.00 30.00 0.00 0.065365
4 66.00 0.00 54.00 0.00 6.00 0.00 18.00 0.00 0.0134027
4 72.00 0.00 54.00 0.00 0.00 0.00 18.00 0.00 0.0240376
4 45.00 0.00 42.00 0.00 27.00 0.00 30.00 0.00 0.0253042
4 72.00 0.00 48.00 0.00 0.00 0.00 24.00 0.00 0.0711671
4 60.00 0.00 48.00 0.00 12.00 0.00 24.00 0.00 0.0351434
4 60.00 0.00 54.00 0.00 12.00 0.00 18.00 0.00 0.00584408
4 54.00 0.00 42.00 0.00 18.00 0.00 30.00 0.00 0.132632
4 54.00 0.00 48.00 0.00 18.00 0.00 24.00 0.00 0.0137844
4 66.00 0.00 60.00 0.00 6.00 0.00 12.00 0.00 0.00248859
4 42.00 0.00 39.00 0.00 33.00 0.00 36.00 0.00 0.612686
4 45.00 0.00 42.00 0.00 30.00 0.00 33.00 0.00 0.0484063
4 51.00 0.00 48.00 0.00 24.00 0.00 27.00 0.00 0.00687606
4 48.00 0.00 45.00 0.00 27.00 0.00 30.00 0.00 0.0149137
4 45.00 0.00 42.00 0.00 33.00 0.00 36.00 0.00 0.133749
4 48.00 0.00 45.00 0.00 30.00 0.00 33.00 0.00 0.0249086
4 51.00 0.00 48.00 0.00 27.00 0.00 30.00 0.00 0.00950131
4 54.00 0.00 51.00 0.00 24.00 0.00 27.00 0.00 0.00435793
4 66.00 0.00 48.00 0.00 12.00 0.00 30.00 0.00 0.0918767
4 48.00 0.00 42.00 0.00 30.00 0.00 36.00 0.00 0.257242
4 66.00 0.00 60.00 0.00 12.00 0.00 18.00 0.00 0.00287586
4 60.00 0.00 54.00 0.00 18.00 0.00 24.00 0.00 0.00714164
4 54.00 0.00 48.00 0.00 24.00 0.00 30.00 0.00 0.0273481
4 51.00 0.00 48.00 0.00 30.00 0.00 33.00 0.00 0.0149733
4 48.00 0.00 45.00 0.00 33.00 0.00 36.00 0.00 0.0520906
4 54.00 0.00 51.00 0.00 27.00 0.00 30.00 0.00 0.0060245
4 45.00 0.00 42.00 0.00 36.00 0.00 39.00 0.00 0.507538
4 54.00 0.00 51.00 0.00 30.00 0.00 33.00 0.00 0.00918207
4 57.00 0.00 54.00 0.00 27.00 0.00 30.00 0.00 0.00455299
4 54.00 0.00 48.00 0.00 30.00 0.00 36.00 0.00 0.0661097
4 66.00 0.00 54.00 0.00 18.00 0.00 30.00 0.00 0.0338498
4 78.00 0.00 60.00 0.00 6.00 0.00 24.00 0.00 0.0233083
4 72.00 0.00 66.00 0.00 12.00 0.00 18.00 0.00 0.00215108
4 84.00 0.00 72.00 0.00 0.00 0.00 12.00 0.00 0.00424924
4 78.00 0.00 54.00 0.00 6.00 0.00 30.00 0.00 0.0688101
4 78.00 0.00 66.00 0.00 6.00 0.00 18.00 0.00 0.00570773
4 48.00 0.00 45.00 0.00 36.00 0.00 39.00 0.00 0.123074
4 72.00 0.00 60.00 0.00 12.00 0.00 24.00 0.00 0.013711
4 66.00 0.00 60.00 0.00 18.00 0.00 24.00 0.00 0.00500838
4 60.00 0.00 48.00 0.00 24.00 0.00 36.00 0.00 0.133931
4 51.00 0.00 48.00 0.00 33.00 0.00 36.00 0.00 0.0275004
4 60.00 0.00 54.00 0.00 24.00 0.00 30.00 0.00 0.0135766
4 54.00 0.00 51.00 0.00 33.00 0.00 36.00 0.00 0.0143084
4 57.00 0.00 54.00 0.00 30.00 0.00 33.00 0.00 0.00594398
4 48.00 0.00 45.00 0.00 39.00 0.00 42.00 0.00 0.492817
4 51.00 0.00 48.00 0.00 36.00 0.00 39.00 0.00 0.0502658
4 54.00 0.00 51.00 0.00 36.00 0.00 39.00 0.00 0.0234188
4 57.00 0.00 54.00 0.00 33.00 0.00 36.00 0.00 0.00940178
4 60.00 0.00 57.00 0.00 30.00 0.00 33.00 0.00 0.00430097
4 51.00 0.00 48.00 0.00 39.00 0.00 42.00 0.00 0.13097
4 90.00 0.00 72.00 0.00 0.00 0.00 18.00 0.00 0.0100044
4 90.00 0.00 60.00 0.00 0.00 0.00 30.00 0.00 0.0562719
4 60.00 0.00 54.00 0.00 30.00 0.00 36.00 0.00 0.0259916
4 72.00 0.00 54.00 0.00 18.00 0.00 36.00 0.00 0.0910069
4 72.00 0.00 66.00 0.00 18.00 0.00 24.00 0.00 0.0033032
4 66.00 0.00 60.00 0.00 24.00 0.00 30.00 0.00 0.00825483
4 54.00 0.00 48.00 0.00 36.00 0.00 42.00 0.00 0.250446
4 57.00 0.00 54.00 0.00 36.00 0.00 39.00 0.00 0.0133624
4 51.00 0.00 48.00 0.00 42.00 0.00 45.00 0.00 0.559903
4 54.00 0.00 51.00 0.00 39.00 0.00 42.00 0.00 0.0473244
4 60.00 0.00 57.00 0.00 33.00 0.00 36.00 0.00 0.00632291
4 63.00 0.00 60.00 0.00 33.00 0.00 36.00 0.00 0.00467118
4 60.00 0.00 57.00 0.00 36.00 0.00 39.00 0.00 0.00832976
4 57.00 0.00 54.00 0.00 39.00 0.00 42.00 0.00 0.0234042
4 90.00 0.00 78.00 0.00 6.00 0.00 18.00 0.00 0.00344334
4 84.00 0.00 60.00 0.00 12.00 0.00 36.00 0.00 0.0712765
4 78.00 0.00 66.00 0.00 18.00 0.00 30.00 0.00 0.0140922
4 84.00 0.00 66.00 0.00 12.00 0.00 30.00 0.00 0.0239217
4 96.00 0.00 84.00 0.00 0.00 0.00 12.00 0.00 0.00251832
4 72.00 0.00 60.00 0.00 24.00 0.00 36.00 0.00 0.0348296
4 84.00 0.00 72.00 0.00 12.00 0.00 24.00 0.00 0.00731258
4 54.00 0.00 51.00 0.00 42.00 0.00 45.00 0.00 0.126517
4 60.00 0.00 54.00 0.00 36.00 0.00 42.00 0.00 0.0585798
4 78.00 0.00 72.00 0.00 18.00 0.00 24.00 0.00 0.00230377
4 72.00 0.00 66.00 0.00 24.00 0.00 30.00 0.00 0.00500057
4 66.00 0.00 54.00 0.00 30.00 0.00 42.00 0.00 0.122455
4 66.00 0.00 60.00 0.00 30.00 0.00 36.00 0.00 0.0139012
4 96.00 0.00 72.00 0.00 0.00 0.00 24.00 0.00 0.0174522
4 60.00 0.00 57.00 0.00 39.00 0.00 42.00 0.00 0.0132446
4 54.00 0.00 51.00 0.00 45.00 0.00 48.00 0.00 0.570618
4 57.00 0.00 54.00 0.00 42.00 0.00 45.00 0.00 0.0459834
4 63.00 0.00 60.00 0.00 36.00 0.00 39.00 0.00 0.00585836
4 63.00 0.00 60.00 0.00 39.00 0.00 42.00 0.00 0.00806221
4 66.00 0.00 63.00 0.00 36.00 0.00 39.00 0.00 0.00404568
4 78.00 0.00 72.00 0.00 24.00 0.00 30.00 0.00 0.00322173
4 96.00 0.00 66.00 0.00 6.00 0.00 36.00 0.00 0.0578536
4 72.00 0.00 66.00 0.00 30.00 0.00 36.00 0.00 0.00785992
4 57.00 0.00 54.00 0.00 45.00 0.00 48.00 0.00 0.128383
4 60.00 0.00 57.00 0.00 42.00 0.00 45.00 0.00 0.0230558
4 96.00 0.00 78.00 0.00 6.00 0.00 24.00 0.00 0.00943673
4 60.00 0.00 54.00 0.00 42.00 0.00 48.00 0.00 0.244128
4 66.00 0.00 60.00 0.00 36.00 0.00 42.00 0.00 0.0244028
4 78.00 0.00 60.00 0.00 24.00 0.00 42.00 0.00 0.0893532
4 60.00 0.00 57.00 0.00 45.00 0.00 48.00 0.00 0.0487523
4 63.00 0.00 60.00 0.00 42.00 0.00 45.00 0.00 0.0132109
4 66.00 0.00 63.00 0.00 39.00 0.00 42.00 0.00 0.00597335
4 57.00 0.00 54.00 0.00 48.00 0.00 51.00 0.00 0.541883
4 63.00 0.00 60.00 0.00 45.00 0.00 48.00 0.00 0.0233023
4 66.00 0.00 63.00 0.00 42.00 0.00 45.00 0.00 0.00844776
4 69.00 0.00 66.00 0.00 39.00 0.00 42.00 0.00 0.00451383
4 60.00 0.00 57.00 0.00 48.00 0.00 51.00 0.00 0.130784
4 90.00 0.00 72.00 0.00 18.00 0.00 36.00 0.00 0.0242241
4 102.00 0.00 90.00 0.00 6.00 0.00 18.00 0.00 0.00193478
4 84.00 0.00 72.00 0.00 24.00 0.00 36.00 0.00 0.0143096
4 108.00 0.00 96.00 0.00 0.00 0.00 12.00 0.00 0.00146639
4 108.00 0.00 90.00 0.00 0.00 0.00 18.00 0.00 0.00440298
4 102.00 0.00 78.00 0.00 6.00 0.00 30.00 0.00 0.0178321
4 72.00 0.00 66.00 0.00 36.00 0.00 42.00 0.00 0.0131568
4 78.00 0.00 72.00 0.00 30.00 0.00 36.00 0.00 0.0055162
4 96.00 0.00 84.00 0.00 12.00 0.00 24.00 0.00 0.0036947
4 90.00 0.00 66.00 0.00 18.00 0.00 42.00 0.00 0.0693362
4 84.00 0.00 78.00 0.00 24.00 0.00 30.00 0.00 0.00220785
4 78.00 0.00 66.00 0.00 30.00 0.00 42.00 0.00 0.0341456
4 72.00 0.00 60.00 0.00 36.00 0.00 48.00 0.00 0.120535
4 66.00 0.00 60.00 0.00 42.00 0.00 48.00 0.00 0.0582453
4 90.00 0.00 78.00 0.00 18.00 0.00 30.00 0.00 0.00716906
4 66.00 0.00 63.00 0.00 45.00 0.00 48.00 0.00 0.0133179
4 60.00 0.00 57.00 0.00 51.00 0.00 54.00 0.00 0.582706
4 69.00 0.00 66.00 0.00 42.00 0.00 45.00 0.00 0.0056488
4 63.00 0.00 60.00 0.00 48.00 0.00 51.00 0.00 0.0466894
4 63.00 0.00 60.00 0.00 51.00 0.00 54.00 0.00 0.127031
4 66.00 0.00 63.00 0.00 48.00 0.00 51.00 0.00 0.0231554
4 69.00 0.00 66.00 0.00 45.00 0.00 48.00 0.00 0.00876709
4 72.00 0.00 69.00 0.00 42.00 0.00 45.00 0.00 0.00401051
4 78.00 0.00 72.00 0.00 36.00 0.00 42.00 0.00 0.00782035
4 102.00 0.00 84.00 0.00 12.00 0.00 30.00 0.00 0.00901472
4 66.00 0.00 60.00 0.00 48.00 0.00 54.00 0.00 0.246668
4 84.00 0.00 66.00 0.00 30.00 0.00 48.00 0.00 0.0876861
4 84.00 0.00 78.00 0.00 30.00 0.00 36.00 0.00 0.00335921
4 72.00 0.00 66.00 0.00 42.00 0.00 48.00 0.00 0.0248899
4 102.00 0.00 72.00 0.00 12.00 0.00 42.00 0.00 0.0564767
4 66.00 0.00 63.00 0.00 51.00 0.00 54.00 0.00 0.0483109
4 69.00 0.00 66.00 0.00 48.00 0.00 51.00 0.00 0.0137276
4 72.00 0.00 69.00 0.00 45.00 0.00 48.00 0.00 0.00605371
4 63.00 0.00 60.00 0.00 54.00 0.00 57.00 0.00 0.497702
4 66.00 0.00 63.00 0.00 54.00 0.00 57.00 0.00 0.118417
4 75.00 0.00 72.00 0.00 45.00 0.00 48.00 0.00 0.00431088
4 90.00 0.00 78.00 0.00 30.00 0.00 42.00 0.00 0.0137288
4 102.00 0.00 90.00 0.00 18.00 0.00 30.00 0.00 0.00430706
4 114.00 0.00 96.00 0.00 6.00 0.00 24.00 0.00 0.00451209
4 120.00 0.00 90.00 0.00 0.00 0.00 30.00 0.00 0.0141197
4 108.00 0.00 96.00 0.00 12.00 0.00 24.00 0.00 0.00238722
4 114.00 0.00 102.00 0.00 6.00 0.00 18.00 0.00 0.00155038
4 120.00 0.00 108.00 0.00 0.00 0.00 12.00 0.00 0.0010092
4 96.00 0.00 72.00 0.00 24.00 0.00 48.00 0.00 0.0680578
4 78.00 0.00 72.00 0.00 42.00 0.00 48.00 0.00 0.0132775
4 72.00 0.00 69.00 0.00 48.00 0.00 51.00 0.00 0.00855724
4 96.00 0.00 78.00 0.00 24.00 0.00 42.00 0.00 0.0228087
4 90.00 0.00 84.00 0.00 30.00 0.00 36.00 0.00 0.0030046
4 84.00 0.00 72.00 0.00 36.00 0.00 48.00 0.00 0.0330439
4 84.00 0.00 78.00 0.00 36.00 0.00 42.00 0.00 0.00445473
4 96.00 0.00 84.00 0.00 24.00 0.00 36.00 0.00 0.00683895
4 72.00 0.00 66.00 0.00 48.00 0.00 54.00 0.00 0.0606694
4 69.00 0.00 66.00 0.00 51.00 0.00 54.00 0.00 0.0242002
4 108.00 0.00 84.00 0.00 12.00 0.00 36.00 0.00 0.0174377
4 78.00 0.00 66.00 0.00 42.00 0.00 54.00 0.00 0.124874
4 120.00 0.00 96.00 0.00 0.00 0.00 24.00 0.00 0.0070848
4 66.00 0.00 63.00 0.00 57.00 0.00 60.00 0.00 0.528931
4 72.00 0.00 69.00 0.00 51.00 0.00 54.00 0.00 0.0138709
4 75.00 0.00 72.00 0.00 48.00 0.00 51.00 0.00 0.00589723
4 69.00 0.00 66.00 0.00 54.00 0.00 57.00 0.00 0.0457528
4 72.00 0.00 69.00 0.00 54.00 0.00 57.00 0.00 0.0217042
4 75.00 0.00 72.00 0.00 51.00 0.00 54.00 0.00 0.00905922
4 108.00 0.00 78.00 0.00 18.00 0.00 48.00 0.00 0.0551236
4 108.00 0.00 90.00 0.00 18.00 0.00 36.00 0.00 0.00936239
4 78.00 0.00 72.00 0.00 48.00 0.00 54.00 0.00 0.0260822
4 90.00 0.00 72.00 0.00 36.00 0.00 54.00 0.00 0.0875489
4 72.00 0.00 66.00 0.00 54.00 0.00 60.00 0.00 0.249137
4 126.00 0.00 108.00 0.00 0.00 0.00 18.00 0.00 0.00292416
4 90.00 0.00 84.00 0.00 36.00 0.00 42.00 0.00 0.00309452
4 78.00 0.00 75.00 0.00 48.00 0.00 51.00 0.00 0.00447057
4 84.00 0.00 78.00 0.00 42.00 0.00 48.00 0.00 0.00754118
4 69.00 0.00 66.00 0.00 57.00 0.00 60.00 0.00 0.13053
4 69.00 0.00 66.00 0.00 60.00 0.00 63.00 0.00 0.519955
4 75.00 0.00 72.00 0.00 54.00 0.00 57.00 0.00 0.0127611
4 78.00 0.00 75.00 0.00 51.00 0.00 54.00 0.00 0.00645863
4 72.00 0.00 69.00 0.00 57.00 0.00 60.00 0.00 0.049855
4 75.00 0.00 72.00 0.00 57.00 0.00 60.00 0.00 0.0252093
4 78.00 0.00 75.00 0.00 54.00 0.00 57.00 0.00 0.00810536
4 90.00 0.00 78.00 0.00 42.00 0.00 54.00 0.00 0.0325235
4 120.00 0.00 102.00 0.00 12.00 0.00 30.00 0.00 0.00509473
4 108.00 0.00 96.00 0.00 24.00 0.00 36.00 0.00 0.00404845
4 126.00 0.00 114.00 0.00 6.00 0.00 18.00 0.00 0.00250111
4 102.00 0.00 84.00 0.00 30.00 0.00 48.00 0.00 0.0230888
4 126.00 0.00 102.00 0.00 6.00 0.00 30.00 0.00 0.00700303
4 126.00 0.00 96.00 0.00 6.00 0.00 36.00 0.00 0.0144812
4 114.00 0.00 102.00 0.00 18.00 0.00 30.00 0.00 0.00229393
4 120.00 0.00 108.00 0.00 12.00 0.00 24.00 0.00 0.00161357
4 114.00 0.00 90.00 0.00 18.00 0.00 42.00 0.00 0.017757
4 72.00 0.00 69.00 0.00 60.00 0.00 63.00 0.00 0.124301
4 102.00 0.00 78.00 0.00 30.00 0.00 54.00 0.00 0.0670493
4 102.00 0.00 90.00 0.00 30.00 0.00 42.00 0.00 0.00697281
4 96.00 0.00 84.00 0.00 36.00 0.00 48.00 0.00 0.0131142
4 90.00 0.00 84.00 0.00 42.00 0.00 48.00 0.00 0.004595
4 84.00 0.00 78.00 0.00 48.00 0.00 54.00 0.00 0.0127467
4 78.00 0.00 72.00 0.00 54.00 0.00 60.00 0.00 0.0626205
4 84.00 0.00 72.00 0.00 48.00 0.00 60.00 0.00 0.125431
4 96.00 0.00 90.00 0.00 36.00 0.00 42.00 0.00 0.00245044
4 81.00 0.00 78.00 0.00 51.00 0.00 54.00 0.00 0.00457146
4 75.00 0.00 72.00 0.00 60.00 0.00 63.00 0.00 0.0499359
4 78.00 0.00 75.00 0.00 57.00 0.00 60.00 0.00 0.0149663
4 72.00 0.00 69.00 0.00 63.00 0.00 66.00 0.00 0.554656
4 81.00 0.00 78.00 0.00 54.00 0.00 57.00 0.00 0.0051631
4 75.00 0.00 72.00 0.00 63.00 0.00 66.00 0.00 0.134949
4 81.00 0.00 78.00 0.00 57.00 0.00 60.00 0.00 0.00987471
4 96.00 0.00 78.00 0.00 42.00 0.00 60.00 0.00 0.0860127
4 132.00 0.00 114.00 0.00 6.00 0.00 24.00 0.00 0.00285786
4 114.00 0.00 96.00 0.00 24.00 0.00 42.00 0.00 0.00998574
4 78.00 0.00 75.00 0.00 60.00 0.00 63.00 0.00 0.0249549
4 114.00 0.00 84.00 0.00 24.00 0.00 54.00 0.00 0.0569124
4 84.00 0.00 81.00 0.00 54.00 0.00 57.00 0.00 0.0036949
4 96.00 0.00 90.00 0.00 42.00 0.00 48.00 0.00 0.00334273
4 78.00 0.00 72.00 0.00 60.00 0.00 66.00 0.00 0.262856
4 84.00 0.00 78.00 0.00 54.00 0.00 60.00 0.00 0.0241672
4 90.00 0.00 84.00 0.00 48.00 0.00 54.00 0.00 0.00779455
4 75.00 0.00 72.00 0.00 66.00 0.00 69.00 0.00 0.720485
4 81.00 0.00 78.00 0.00 60.00 0.00 63.00 0.00 0.0133899
4 84.00 0.00 81.00 0.00 57.00 0.00 60.00 0.00 0.00632023
4 78.00 0.00 75.00 0.00 63.00 0.00 66.00 0.00 0.0525358
4 81.00 0.00 78.00 0.00 63.00 0.00 66.00 0.00 0.0239899
4 108.00 0.00 90.00 0.00 36.00 0.00 54.00 0.00 0.0230981
4 114.00 0.00 102.00 0.00 30.00 0.00 42.00 0.00 0.00440801
4 120.00 0.00 96.00 0.00 24.00 0.00 48.00 0.00 0.017966
4 126.00 0.00 114.00 0.00 18.00 0.00 30.00 0.00 0.00159597
4 90.00 0.00 78.00 0.00 54.00 0.00 66.00 0.00 0.121733
4 132.00 0.00 120.00 0.00 12.00 0.00 24.00 0.00 0.000977827
4 132.00 0.00 108.00 0.00 12.00 0.00 36.00 0.00 0.00760575
4 144.00 0.00 126.00 0.00 0.00 0.00 18.00 0.00 0.0015829
4 108.00 0.00 96.00 0.00 36.00 0.00 48.00 0.00 0.00727192
4 90.00 0.00 84.00 0.00 54.00 0.00 60.00 0.00 0.0135562
4 78.00 0.00 75.00 0.00 66.00 0.00 69.00 0.00 0.163905
4 126.00 0.00 108.00 0.00 18.00 0.00 36.00 0.00 0.00529752
4 132.00 0.00 102.00 0.00 12.00 0.00 42.00 0.00 0.0143637
4 108.00 0.00 84.00 0.00 36.00 0.00 60.00 0.00 0.0686582
4 102.00 0.00 90.00 0.00 42.00 0.00 54.00 0.00 0.0139049
4 102.00 0.00 96.00 0.00 42.00 0.00 48.00 0.00 0.00262941
4 144.00 0.00 120.00 0.00 0.00 0.00 24.00 0.00 0.00328849
4 96.00 0.00 84.00 0.00 48.00 0.00 60.00 0.00 0.0331658
4 87.00 0.00 84.00 0.00 57.00 0.00 60.00 0.00 0.00426247
4 84.00 0.00 78.00 0.00 60.00 0.00 66.00 0.00 0.0590234
4 96.00 0.00 90.00 0.00 48.00 0.00 54.00 0.00 0.00447978
4 84.00 0.00 81.00 0.00 60.00 0.00 63.00 0.00 0.00834377
4 120.00 0.00 108.00 0.00 24.00 0.00 36.00 0.00 0.00248797
4 87.00 0.00 84.00 0.00 60.00 0.00 63.00 0.00 0.00632334
4 84.00 0.00 81.00 0.00 63.00 0.00 66.00 0.00 0.0132592
4 78.00 0.00 75.00 0.00 69.00 0.00 72.00 0.00 0.782176
4 81.00 0.00 78.00 0.00 66.00 0.00 69.00 0.00 0.0561004
4 84.00 0.00 81.00 0.00 66.00 0.00 69.00 0.00 0.0259703
4 87.00 0.00 84.00 0.00 63.00 0.00 66.00 0.00 0.00841515
4 102.00 0.00 84.00 0.00 48.00 0.00 66.00 0.00 0.0876851
4 120.00 0.00 90.00 0.00 30.00 0.00 60.00 0.00 0.0565664
4 150.00 0.00 120.00 0.00 0.00 0.00 30.00 0.00 0.00753549
4 138.00 0.00 120.00 0.00 12.00 0.00 30.00 0.00 0.0025756
4 120.00 0.00 102.00 0.00 30.00 0.00 48.00 0.00 0.00957368
4 96.00 0.00 90.00 0.00 54.00 0.00 60.00 0.00 0.00717682
4 84.00 0.00 78.00 0.00 66.00 0.00 72.00 0.00 0.291007
4 90.00 0.00 87.00 0.00 60.00 0.00 63.00 0.00 0.00473766
4 102.00 0.00 96.00 0.00 48.00 0.00 54.00 0.00 0.00318515
4 81.00 0.00 78.00 0.00 69.00 0.00 72.00 0.00 0.152896
4 90.00 0.00 84.00 0.00 60.00 0.00 66.00 0.00 0.0248788
4 87.00 0.00 84.00 0.00 66.00 0.00 69.00 0.00 0.0147395
4 90.00 0.00 87.00 0.00 63.00 0.00 66.00 0.00 0.00624084
4 84.00 0.00 81.00 0.00 69.00 0.00 72.00 0.00 0.0546888
4 81.00 0.00 78.00 0.00 72.00 0.00 75.00 0.00 0.774073
4 87.00 0.00 84.00 0.00 69.00 0.00 72.00 0.00 0.0268178
4 108.00 0.00 102.00 0.00 48.00 0.00 54.00 0.00 0.00215273
4 108.00 0.00 96.00 0.00 48.00 0.00 60.00 0.00 0.0150212
4 90.00 0.00 84.00 0.00 66.00 0.00 72.00 0.00 0.068173
4 114.00 0.00 102.00 0.00 42.00 0.00 54.00 0.00 0.0072593
4 126.00 0.00 102.00 0.00 30.00 0.00 54.00 0.00 0.018915
4 138.00 0.00 126.00 0.00 18.00 0.00 30.00 0.00 0.00158621
4 138.00 0.00 108.00 0.00 18.00 0.00 48.00 0.00 0.0150554
4 102.00 0.00 90.00 0.00 54.00 0.00 66.00 0.00 0.0334198
4 90.00 0.00 87.00 0.00 66.00 0.00 69.00 0.00 0.0103641
4 120.00 0.00 108.00 0.00 36.00 0.00 48.00 0.00 0.00403196
4 138.00 0.00 114.00 0.00 18.00 0.00 42.00 0.00 0.00689821
4 132.00 0.00 114.00 0.00 24.00 0.00 42.00 0.00 0.00507447
4 126.00 0.00 114.00 0.00 30.00 0.00 42.00 0.00 0.0023511
4 102.00 0.00 96.00 0.00 54.00 0.00 60.00 0.00 0.00596981
4 114.00 0.00 90.00 0.00 42.00 0.00 66.00 0.00 0.0689813
4 96.00 0.00 90.00 0.00 60.00 0.00 66.00 0.00 0.0126729
4 132.00 0.00 120.00 0.00 24.00 0.00 36.00 0.00 0.00179249
4 93.00 0.00 90.00 0.00 63.00 0.00 66.00 0.00 0.00359669
4 150.00 0.00 126.00 0.00 6.00 0.00 30.00 0.00 0.0051937
4 150.00 0.00 132.00 0.00 6.00 0.00 24.00 0.00 0.00299148
4 114.00 0.00 96.00 0.00 42.00 0.00 60.00 0.00 0.0243784
4 96.00 0.00 84.00 0.00 60.00 0.00 72.00 0.00 0.131955
4 84.00 0.00 81.00 0.00 72.00 0.00 75.00 0.00 0.157581
4 90.00 0.00 87.00 0.00 69.00 0.00 72.00 0.00 0.0163909
4 93.00 0.00 90.00 0.00 66.00 0.00 69.00 0.00 0.00585146
4 87.00 0.00 84.00 0.00 72.00 0.00 75.00 0.00 0.059652
4 84.00 0.00 81.00 0.00 75.00 0.00 78.00 0.00 0.773196
4 108.00 0.00 90.00 0.00 54.00 0.00 72.00 0.00 0.0916201
4 108.00 0.00 102.00 0.00 54.00 0.00 60.00 0.00 0.0030259
4 144.00 0.00 126.00 0.00 18.00 0.00 36.00 0.00 0.0027213
4 93.00 0.00 90.00 0.00 69.00 0.00 72.00 0.00 0.0089169
4 90.00 0.00 84.00 0.00 72.00 0.00 78.00 0.00 0.328733
4 156.00 0.00 126.00 0.00 6.00 0.00 36.00 0.00 0.00711074
4 126.00 0.00 108.00 0.00 36.00 0.00 54.00 0.00 0.00987182
4 162.00 0.00 144.00 0.00 0.00 0.00 18.00 0.00 0.00172673
4 102.00 0.00 96.00 0.00 60.00 0.00 66.00 0.00 0.00794788
4 126.00 0.00 96.00 0.00 36.00 0.00 66.00 0.00 0.0575552
4 96.00 0.00 90.00 0.00 66.00 0.00 72.00 0.00 0.026406
4 90.00 0.00 87.00 0.00 72.00 0.00 75.00 0.00 0.031378
4 87.00 0.00 84.00 0.00 75.00 0.00 78.00 0.00 0.16705
4 96.00 0.00 93.00 0.00 66.00 0.00 69.00 0.00 0.00452637
4 90.00 0.00 87.00 0.00 75.00 0.00 78.00 0.00 0.0699927
4 96.00 0.00 93.00 0.00 69.00 0.00 72.00 0.00 0.00706887
4 87.00 0.00 84.00 0.00 78.00 0.00 81.00 0.00 0.772636
4 93.00 0.00 90.00 0.00 72.00 0.00 75.00 0.00 0.0152191
4 108.00 0.00 102.00 0.00 60.00 0.00 66.00 0.00 0.0053676
4 120.00 0.00 96.00 0.00 48.00 0.00 72.00 0.00 0.0719503
4 126.00 0.00 114.00 0.00 42.00 0.00 54.00 0.00 0.0041064
4 132.00 0.00 108.00 0.00 36.00 0.00 60.00 0.00 0.0181504
4 114.00 0.00 102.00 0.00 54.00 0.00 66.00 0.00 0.0143734
4 120.00 0.00 102.00 0.00 48.00 0.00 66.00 0.00 0.0241206
4 120.00 0.00 108.00 0.00 48.00 0.00 60.00 0.00 0.00721443
4 90.00 0.00 87.00 0.00 78.00 0.00 81.00 0.00 0.186066
4 138.00 0.00 126.00 0.00 30.00 0.00 42.00 0.00 0.00131664
4 156.00 0.00 138.00 0.00 12.00 0.00 30.00 0.00 0.00238948
4 144.00 0.00 114.00 0.00 24.00 0.00 54.00 0.00 0.0149645
4 108.00 0.00 96.00 0.00 60.00 0.00 72.00 0.00 0.0363096
4 168.00 0.00 144.00 0.00 0.00 0.00 24.00 0.00 0.00251955
4 99.00 0.00 96.00 0.00 69.00 0.00 72.00 0.00 0.00438587
4 138.00 0.00 120.00 0.00 30.00 0.00 48.00 0.00 0.00480231
4 144.00 0.00 120.00 0.00 24.00 0.00 48.00 0.00 0.00694918
4 102.00 0.00 90.00 0.00 66.00 0.00 78.00 0.00 0.145835
4 102.00 0.00 96.00 0.00 66.00 0.00 72.00 0.00 0.0144067
4 144.00 0.00 132.00 0.00 24.00 0.00 36.00 0.00 0.00124735
4 132.00 0.00 120.00 0.00 36.00 0.00 48.00 0.00 0.00240836
4 114.00 0.00 108.00 0.00 54.00 0.00 60.00 0.00 0.00229113
4 156.00 0.00 132.00 0.00 12.00 0.00 36.00 0.00 0.0048446
4 96.00 0.00 90.00 0.00 72.00 0.00 78.00 0.00 0.0742786
4 96.00 0.00 93.00 0.00 72.00 0.00 75.00 0.00 0.0115114
4 93.00 0.00 90.00 0.00 75.00 0.00 78.00 0.00 0.0290061
4 90.00 0.00 87.00 0.00 81.00 0.00 84.00 0.00 0.805872
4 96.00 0.00 93.00 0.00 75.00 0.00 78.00 0.00 0.0186217
4 99.00 0.00 96.00 0.00 72.00 0.00 75.00 0.00 0.00666525
4 93.00 0.00 90.00 0.00 78.00 0.00 81.00 0.00 0.0616137
4 114.00 0.00 96.00 0.00 60.00 0.00 78.00 0.00 0.100413
4 114.00 0.00 108.00 0.00 60.00 0.00 66.00 0.00 0.00342457
4 150.00 0.00 132.00 0.00 24.00 0.00 42.00 0.00 0.00370114
4 132.00 0.00 114.00 0.00 42.00 0.00 60.00 0.00 0.00984838
4 108.00 0.00 102.00 0.00 66.00 0.00 72.00 0.00 0.00830704
4 168.00 0.00 150.00 0.00 6.00 0.00 24.00 0.00 0.000231237
4 162.00 0.00 132.00 0.00 12.00 0.00 42.00 0.00 0.00658127
4 102.00 0.00 96.00 0.00 72.00 0.00 78.00 0.00 0.0311267
4 96.00 0.00 90.00 0.00 78.00 0.00 84.00 0.00 0.319685
4 102.00 0.00 99.00 0.00 72.00 0.00 75.00 0.00 0.00543893
4 96.00 0.00 93.00 0.00 78.00 0.00 81.00 0.00 0.0342177
4 132.00 0.00 102.00 0.00 42.00 0.00 72.00 0.00 0.0592281
4 99.00 0.00 96.00 0.00 75.00 0.00 78.00 0.00 0.0111482
4 93.00 0.00 90.00 0.00 81.00 0.00 84.00 0.00 0.155993
4 93.00 0.00 90.00 0.00 84.00 0.00 87.00 0.00 0.810175
4 96.00 0.00 93.00 0.00 81.00 0.00 84.00 0.00 0.0674661
4 102.00 0.00 99.00 0.00 75.00 0.00 78.00 0.00 0.00785828
4 99.00 0.00 96.00 0.00 78.00 0.00 81.00 0.00 0.018394
4 114.00 0.00 108.00 0.00 66.00 0.00 72.00 0.00 0.00556501
4 132.00 0.00 120.00 0.00 48.00 0.00 60.00 0.00 0.00427046
4 126.00 0.00 114.00 0.00 54.00 0.00 66.00 0.00 0.00689414
4 120.00 0.00 108.00 0.00 60.00 0.00 72.00 0.00 0.0140701
4 144.00 0.00 132.00 0.00 36.00 0.00 48.00 0.00 0.00195554
4 174.00 0.00 150.00 0.00 6.00 0.00 30.00 0.00 0.000697307
4 138.00 0.00 114.00 0.00 42.00 0.00 66.00 0.00 0.019399
4 120.00 0.00 114.00 0.00 60.00 0.00 66.00 0.00 0.00132507
4 108.00 0.00 102.00 0.00 72.00 0.00 78.00 0.00 0.0154243
4 180.00 0.00 150.00 0.00 0.00 0.00 30.00 0.00 0.000847016
4 180.00 0.00 162.00 0.00 0.00 0.00 18.00 0.00 6.64388e-05
4 126.00 0.00 102.00 0.00 54.00 0.00 78.00 0.00 0.0761848
4 102.00 0.00 96.00 0.00 78.00 0.00 84.00 0.00 0.0801644
4 138.00 0.00 126.00 0.00 42.00 0.00 54.00 0.00 0.00265113
4 162.00 0.00 138.00 0.00 18.00 0.00 42.00 0.00 0.00449808
4 150.00 0.00 120.00 0.00 30.00 0.00 60.00 0.00 0.0198441
4 162.00 0.00 144.00 0.00 18.00 0.00 36.00 0.00 0.00223915
4 144.00 0.00 126.00 0.00 36.00 0.00 54.00 0.00 0.00509402
4 126.00 0.00 108.00 0.00 54.00 0.00 72.00 0.00 0.0239202
4 150.00 0.00 138.00 0.00 30.00 0.00 42.00 0.00 0.00249254
4 99.00 0.00 96.00 0.00 81.00 0.00 84.00 0.00 0.0317301
4 150.00 0.00 126.00 0.00 30.00 0.00 54.00 0.00 0.0103663
4 105.00 0.00 102.00 0.00 75.00 0.00 78.00 0.00 0.00562384
4 102.00 0.00 99.00 0.00 78.00 0.00 81.00 0.00 0.0119617
4 114.00 0.00 102.00 0.00 66.00 0.00 78.00 0.00 0.0383575
4 96.00 0.00 93.00 0.00 84.00 0.00 87.00 0.00 0.17347
4 108.00 0.00 96.00 0.00 72.00 0.00 84.00 0.00 0.156685
4 99.00 0.00 96.00 0.00 84.00 0.00 87.00 0.00 0.063796
4 105.00 0.00 102.00 0.00 78.00 0.00 81.00 0.00 0.00797851
4 102.00 0.00 99.00 0.00 81.00 0.00 84.00 0.00 0.0181961
4 96.00 0.00 93.00 0.00 87.00 0.00 90.00 0.00 0.789847
4 108.00 0.00 102.00 0.00 78.00 0.00 84.00 0.00 0.0299773
4 120.00 0.00 114.00 0.00 66.00 0.00 72.00 0.00 0.0031122
4 114.00 0.00 108.00 0.00 72.00 0.00 78.00 0.00 0.00873114
4 138.00 0.00 120.00 0.00 48.00 0.00 66.00 0.00 0.0107441
4 174.00 0.00 156.00 0.00 12.00 0.00 30.00 0.00 0.000297726
4 168.00 0.00 138.00 0.00 18.00 0.00 48.00 0.00 0.00676704
4 120.00 0.00 102.00 0.00 66.00 0.00 84.00 0.00 0.103829
4 99.00 0.00 96.00 0.00 87.00 0.00 90.00 0.00 0.172932
4 102.00 0.00 96.00 0.00 84.00 0.00 90.00 0.00 0.340324
4 108.00 0.00 105.00 0.00 78.00 0.00 81.00 0.00 0.00530891
4 156.00 0.00 138.00 0.00 30.00 0.00 48.00 0.00 0.00371185
4 138.00 0.00 108.00 0.00 48.00 0.00 78.00 0.00 0.0610497
4 105.00 0.00 102.00 0.00 81.00 0.00 84.00 0.00 0.0106567
4 102.00 0.00 99.00 0.00 84.00 0.00 87.00 0.00 0.0324126
4 108.00 0.00 105.00 0.00 81.00 0.00 84.00 0.00 0.00797812
4 105.00 0.00 102.00 0.00 84.00 0.00 87.00 0.00 0.0177198
4 102.00 0.00 99.00 0.00 87.00 0.00 90.00 0.00 0.0702559
4 99.00 0.00 96.00 0.00 90.00 0.00 93.00 0.00 0.602975
4 105.00 0.00 102.00 0.00 87.00 0.00 90.00 0.00 0.0323521
4 108.00 0.00 102.00 0.00 84.00 0.00 90.00 0.00 0.0786623
4 144.00 0.00 132.00 0.00 48.00 0.00 60.00 0.00 0.00296463
4 126.00 0.00 120.00 0.00 66.00 0.00 72.00 0.00 0.00260545
4 114.00 0.00 102.00 0.00 78.00 0.00 90.00 0.00 0.155695
4 108.00 0.00 105.00 0.00 84.00 0.00 87.00 0.00 0.0109676
4 132.00 0.00 108.00 0.00 60.00 0.00 84.00 0.00 0.0770834
4 126.00 0.00 114.00 0.00 66.00 0.00 78.00 0.00 0.014804
4 138.00 0.00 126.00 0.00 54.00 0.00 66.00 0.00 0.00506067
4 114.00 0.00 108.00 0.00 78.00 0.00 84.00 0.00 0.0159127
4 132.00 0.00 114.00 0.00 60.00 0.00 78.00 0.00 0.0250952
4 144.00 0.00 120.00 0.00 48.00 0.00 72.00 0.00 0.0207711
4 120.00 0.00 108.00 0.00 72.00 0.00 84.00 0.00 0.0401285
4 168.00 0.00 144.00 0.00 24.00 0.00 48.00 0.00 0.00414907
4 156.00 0.00 132.00 0.00 36.00 0.00 60.00 0.00 0.00912654
4 132.00 0.00 120.00 0.00 60.00 0.00 72.00 0.00 0.00832264
4 150.00 0.00 132.00 0.00 42.00 0.00 60.00 0.00 0.00787538
4 150.00 0.00 138.00 0.00 42.00 0.00 54.00 0.00 0.00341467
4 168.00 0.00 150.00 0.00 24.00 0.00 42.00 0.00 0.000527166
4 120.00 0.00 114.00 0.00 72.00 0.00 78.00 0.00 0.0065134
4 156.00 0.00 144.00 0.00 36.00 0.00 48.00 0.00 0.00204175
4 180.00 0.00 156.00 0.00 12.00 0.00 36.00 0.00 0.000238369
4 156.00 0.00 126.00 0.00 36.00 0.00 66.00 0.00 0.0186936
4 111.00 0.00 108.00 0.00 81.00 0.00 84.00 0.00 0.00526215
4 102.00 0.00 99.00 0.00 90.00 0.00 93.00 0.00 0.149033
4 186.00 0.00 156.00 0.00 6.00 0.00 36.00 0.00 0.00131102
4 192.00 0.00 168.00 0.00 0.00 0.00 24.00 0.00 -0.00014944
4 186.00 0.00 168.00 0.00 6.00 0.00 24.00 0.00 -0.000884766
4 111.00 0.00 108.00 0.00 84.00 0.00 87.00 0.00 0.00713876
4 108.00 0.00 105.00 0.00 87.00 0.00 90.00 0.00 0.0182643
4 105.00 0.00 102.00 0.00 90.00 0.00 93.00 0.00 0.0550187
4 102.00 0.00 99.00 0.00 93.00 0.00 96.00 0.00 0.705707
4 114.00 0.00 108.00 0.00 84.00 0.00 90.00 0.00 0.0304976
4 144.00 0.00 126.00 0.00 54.00 0.00 72.00 0.00 0.0113578
4 126.00 0.00 108.00 0.00 72.00 0.00 90.00 0.00 0.10198
4 105.00 0.00 102.00 0.00 93.00 0.00 96.00 0.00 0.156506
4 108.00 0.00 105.00 0.00 90.00 0.00 93.00 0.00 0.0270749
4 174.00 0.00 144.00 0.00 24.00 0.00 54.00 0.00 0.00569316
4 162.00 0.00 144.00 0.00 36.00 0.00 54.00 0.00 0.00379119
4 144.00 0.00 114.00 0.00 54.00 0.00 84.00 0.00 0.0620694
4 126.00 0.00 120.00 0.00 72.00 0.00 78.00 0.00 0.00216842
4 180.00 0.00 162.00 0.00 18.00 0.00 36.00 0.00 0.000558092
4 114.00 0.00 111.00 0.00 84.00 0.00 87.00 0.00 0.00474382
4 120.00 0.00 114.00 0.00 78.00 0.00 84.00 0.00 0.00933517
4 108.00 0.00 102.00 0.00 90.00 0.00 96.00 0.00 0.301768
4 111.00 0.00 108.00 0.00 87.00 0.00 90.00 0.00 0.011499
4 108.00 0.00 105.00 0.00 93.00 0.00 96.00 0.00 0.0613618
4 114.00 0.00 111.00 0.00 87.00 0.00 90.00 0.00 0.00749712
4 111.00 0.00 108.00 0.00 90.00 0.00 93.00 0.00 0.0154256
4 105.00 0.00 102.00 0.00 96.00 0.00 99.00 0.00 0.571419
4 162.00 0.00 150.00 0.00 42.00 0.00 54.00 0.00 0.000540152
4 126.00 0.00 120.00 0.00 78.00 0.00 84.00 0.00 0.00522307
4 150.00 0.00 126.00 0.00 54.00 0.00 78.00 0.00 0.0268598
4 138.00 0.00 126.00 0.00 66.00 0.00 78.00 0.00 0.00863224
4 138.00 0.00 114.00 0.00 66.00 0.00 90.00 0.00 0.0780918
4 144.00 0.00 132.00 0.00 60.00 0.00 72.00 0.00 0.00506719
4 120.00 0.00 114.00 0.00 84.00 0.00 90.00 0.00 0.0155623
4 132.00 0.00 126.00 0.00 72.00 0.00 78.00 0.00 0.00288936
4 126.00 0.00 114.00 0.00 78.00 0.00 90.00 0.00 0.038116
4 156.00 0.00 138.00 0.00 48.00 0.00 66.00 0.00 0.00750716
4 138.00 0.00 120.00 0.00 66.00 0.00 84.00 0.00 0.0246144
4 150.00 0.00 138.00 0.00 54.00 0.00 66.00 0.00 0.00544531
4 174.00 0.00 150.00 0.00 30.00 0.00 54.00 0.00 0.000451648
4 162.00 0.00 132.00 0.00 42.00 0.00 72.00 0.00 0.0181838
4 162.00 0.00 138.00 0.00 42.00 0.00 66.00 0.00 0.00928221
4 114.00 0.00 108.00 0.00 90.00 0.00 96.00 0.00 0.0732427
4 117.00 0.00 114.00 0.00 87.00 0.00 90.00 0.00 0.00532713
4 156.00 0.00 144.00 0.00 48.00 0.00 60.00 0.00 0.00336036
4 120.00 0.00 108.00 0.00 84.00 0.00 96.00 0.00 0.149823
4 174.00 0.00 156.00 0.00 30.00 0.00 48.00 0.00 0.000829422
4 108.00 0.00 105.00 0.00 96.00 0.00 99.00 0.00 0.140952
4 111.00 0.00 108.00 0.00 93.00 0.00 96.00 0.00 0.0317058
4 114.00 0.00 111.00 0.00 90.00 0.00 93.00 0.00 0.00889082
4 132.00 0.00 120.00 0.00 72.00 0.00 84.00 0.00 0.014295
4 186.00 0.00 162.00 0.00 18.00 0.00 42.00 0.00 0.000184138
4 192.00 0.00 162.00 0.00 12.00 0.00 42.00 0.00 -0.000272017
4 192.00 0.00 174.00 0.00 12.00 0.00 30.00 0.00 0.000150725
4 198.00 0.00 174.00 0.00 6.00 0.00 30.00 0.00 0.000364302
4 108.00 0.00 105.00 0.00 99.00 0.00 102.00 0.00 0.588059
4 114.00 0.00 111.00 0.00 93.00 0.00 96.00 0.00 0.016788
4 117.00 0.00 114.00 0.00 90.00 0.00 93.00 0.00 0.00694206
4 111.00 0.00 108.00 0.00 96.00 0.00 99.00 0.00 0.0573187
4 126.00 0.00 120.00 0.00 84.00 0.00 90.00 0.00 0.00815362
4 111.00 0.00 108.00 0.00 99.00 0.00 102.00 0.00 0.146672
4 114.00 0.00 108.00 0.00 96.00 0.00 102.00 0.00 0.289963
4 120.00 0.00 114.00 0.00 90.00 0.00 96.00 0.00 0.0297346
4 150.00 0.00 132.00 0.00 60.00 0.00 78.00 0.00 0.0157498
4 120.00 0.00 117.00 0.00 90.00 0.00 93.00 0.00 0.00461814
4 168.00 0.00 150.00 0.00 42.00 0.00 60.00 0.00 0.000668018
4 132.00 0.00 126.00 0.00 78.00 0.00 84.00 0.00 0.00399711
4 180.00 0.00 150.00 0.00 30.00 0.00 60.00 0.00 0.00148132
4 114.00 0.00 111.00 0.00 96.00 0.00 99.00 0.00 0.0275125
4 150.00 0.00 120.00 0.00 60.00 0.00 90.00 0.00 0.0725748
4 132.00 0.00 114.00 0.00 78.00 0.00 96.00 0.00 0.100595
4 117.00 0.00 114.00 0.00 93.00 0.00 96.00 0.00 0.010412
4 210.00 0.00 180.00 0.00 0.00 0.00 30.00 0.00 0.000247783
4 186.00 0.00 168.00 0.00 24.00 0.00 42.00 0.00 -0.000835432
4 111.00 0.00 108.00 0.00 102.00 0.00 105.00 0.00 0.622635
4 114.00 0.00 111.00 0.00 99.00 0.00 102.00 0.00 0.0557339
4 120.00 0.00 117.00 0.00 93.00 0.00 96.00 0.00 0.00787875
4 117.00 0.00 114.00 0.00 96.00 0.00 99.00 0.00 0.0166041
4 126.00 0.00 120.00 0.00 90.00 0.00 96.00 0.00 0.0138495
4 120.00 0.00 114.00 0.00 96.00 0.00 102.00 0.00 0.0763847
4 126.00 0.00 114.00 0.00 90.00 0.00 102.00 0.00 0.147738
4 114.00 0.00 111.00 0.00 102.00 0.00 105.00 0.00 0.134288
4 138.00 0.00 132.00 0.00 78.00 0.00 84.00 0.00 0.00271109
4 144.00 0.00 120.00 0.00 72.00 0.00 96.00 0.00 0.0742888
4 132.00 0.00 126.00 0.00 84.00 0.00 90.00 0.00 0.00665087
4 168.00 0.00 138.00 0.00 48.00 0.00 78.00 0.00 0.016327
4 180.00 0.00 162.00 0.00 36.00 0.00 54.00 0.00 0.000672006
4 144.00 0.00 132.00 0.00 72.00 0.00 84.00 0.00 0.00790222
4 132.00 0.00 120.00 0.00 84.00 0.00 96.00 0.00 0.0366755
4 162.00 0.00 150.00 0.00 54.00 0.00 66.00 0.00 0.00030841
4 156.00 0.00 144.00 0.00 60.00 0.00 72.00 0.00 0.00489314
4 162.00 0.00 144.00 0.00 54.00 0.00 72.00 0.00 0.00695289
4 144.00 0.00 126.00 0.00 72.00 0.00 90.00 0.00 0.0270285
4 150.00 0.00 138.00 0.00 66.00 0.00 78.00 0.00 0.00781338
4 168.00 0.00 144.00 0.00 48.00 0.00 72.00 0.00 0.00907509
4 168.00 0.00 156.00 0.00 48.00 0.00 60.00 0.00 0.000223541
4 156.00 0.00 132.00 0.00 60.00 0.00 84.00 0.00 0.0252149
4 180.00 0.00 156.00 0.00 36.00 0.00 60.00 0.00 0.0010361
4 138.00 0.00 126.00 0.00 78.00 0.00 90.00 0.00 0.0160377
4 120.00 0.00 117.00 0.00 96.00 0.00 99.00 0.00 0.010525
4 117.00 0.00 114.00 0.00 99.00 0.00 102.00 0.00 0.0306113
4 123.00 0.00 120.00 0.00 93.00 0.00 96.00 0.00 0.00517058
4 192.00 0.00 168.00 0.00 24.00 0.00 48.00 0.00 -9.70126e-05
4 198.00 0.00 180.00 0.00 18.00 0.00 36.00 0.00 -9.90367e-05
4 216.00 0.00 192.00 0.00 0.00 0.00 24.00 0.00 0.000194485
4 198.00 0.00 168.00 0.00 18.00 0.00 48.00 0.00 0.000222808
4 204.00 0.00 180.00 0.00 12.00 0.00 36.00 0.00 -4.98801e-05
4 117.00 0.00 114.00 0.00 102.00 0.00 105.00 0.00 0.0582157
4 120.00 0.00 117.00 0.00 99.00 0.00 102.00 0.00 0.0181133
4 114.00 0.00 111.00 0.00 105.00 0.00 108.00 0.00 0.571061
4 123.00 0.00 120.00 0.00 96.00 0.00 99.00 0.00 0.00682799
4 126.00 0.00 120.00 0.00 96.00 0.00 102.00 0.00 0.0286341
4 138.00 0.00 120.00 0.00 84.00 0.00 102.00 0.00 0.100338
4 138.00 0.00 132.00 0.00 84.00 0.00 90.00 0.00 0.00369098
4 120.00 0.00 114.00 0.00 102.00 0.00 108.00 0.00 0.293352
4 174.00 0.00 156.00 0.00 48.00 0.00 66.00 0.00 0.000818152
4 132.00 0.00 126.00 0.00 90.00 0.00 96.00 0.00 0.00855116
4 156.00 0.00 138.00 0.00 66.00 0.00 84.00 0.00 0.0144332
4 156.00 0.00 126.00 0.00 66.00 0.00 96.00 0.00 0.0711192
4 120.00 0.00 117.00 0.00 102.00 0.00 105.00 0.00 0.0304788
4 117.00 0.00 114.00 0.00 105.00 0.00 108.00 0.00 0.144755
4 192.00 0.00 174.00 0.00 30.00 0.00 48.00 0.00 0.000214158
4 216.00 0.00 186.00 0.00 6.00 0.00 36.00 0.00 8.86291e-05
4 186.00 0.00 156.00 0.00 36.00 0.00 66.00 0.00 0.00255833
4 126.00 0.00 123.00 0.00 96.00 0.00 99.00 0.00 0.00418541
4 123.00 0.00 120.00 0.00 99.00 0.00 102.00 0.00 0.0109213
4 117.00 0.00 114.00 0.00 108.00 0.00 111.00 0.00 0.685523
4 120.00 0.00 117.00 0.00 105.00 0.00 108.00 0.00 0.0581445
4 126.00 0.00 123.00 0.00 99.00 0.00 102.00 0.00 0.00622682
4 123.00 0.00 120.00 0.00 102.00 0.00 105.00 0.00 0.0163352
4 132.00 0.00 126.00 0.00 96.00 0.00 102.00 0.00 0.0163804
4 126.00 0.00 120.00 0.00 102.00 0.00 108.00 0.00 0.0709796
4 174.00 0.00 150.00 0.00 54.00 0.00 78.00 0.00 0.00169411
4 138.00 0.00 132.00 0.00 90.00 0.00 96.00 0.00 0.00603749
4 168.00 0.00 150.00 0.00 60.00 0.00 78.00 0.00 0.00137542
4 144.00 0.00 138.00 0.00 84.00 0.00 90.00 0.00 0.00199716
4 144.00 0.00 132.00 0.00 84.00 0.00 96.00 0.00 0.0157081
4 150.00 0.00 132.00 0.00 78.00 0.00 96.00 0.00 0.0343764
4 174.00 0.00 144.00 0.00 54.00 0.00 84.00 0.00 0.0161021
4 150.00 0.00 126.00 0.00 78.00 0.00 102.00 0.00 0.0927805
4 132.00 0.00 120.00 0.00 96.00 0.00 108.00 0.00 0.149101
4 150.00 0.00 138.00 0.00 78.00 0.00 90.00 0.00 0.0130547
4 168.00 0.00 156.00 0.00 60.00 0.00 72.00 0.00 0.000252349
4 162.00 0.00 138.00 0.00 66.00 0.00 90.00 0.00 0.0237823
4 162.00 0.00 150.00 0.00 66.00 0.00 78.00 0.00 0.000882362
4 156.00 0.00 144.00 0.00 72.00 0.00 84.00 0.00 0.00772816
4 174.00 0.00 162.00 0.00 54.00 0.00 66.00 0.00 -0.000604969
4 138.00 0.00 126.00 0.00 90.00 0.00 102.00 0.00 0.0402934
4 120.00 0.00 117.00 0.00 108.00 0.00 111.00 0.00 0.145625
4 186.00 0.00 168.00 0.00 42.00 0.00 60.00 0.00 -0.00169356
4 198.00 0.00 174.00 0.00 30.00 0.00 54.00 0.00 0.000306676
4 204.00 0.00 174.00 0.00 24.00 0.00 54.00 0.00 0.000797102
4 186.00 0.00 162.00 0.00 42.00 0.00 66.00 0.00 0.000536345
4 222.00 0.00 198.00 0.00 6.00 0.00 30.00 0.00 4.42529e-05
4 210.00 0.00 186.00 0.00 18.00 0.00 42.00 0.00 -0.000436318
4 204.00 0.00 186.00 0.00 24.00 0.00 42.00 0.00 -9.51942e-05
4 129.00 0.00 126.00 0.00 99.00 0.00 102.00 0.00 0.00366388
4 126.00 0.00 123.00 0.00 102.00 0.00 105.00 0.00 0.00979641
4 123.00 0.00 120.00 0.00 105.00 0.00 108.00 0.00 0.028833
4 120.00 0.00 117.00 0.00 111.00 0.00 114.00 0.00 0.658438
4 126.00 0.00 123.00 0.00 105.00 0.00 108.00 0.00 0.0151177
4 129.00 0.00 126.00 0.00 102.00 0.00 105.00 0.00 0.00859855
4 123.00 0.00 120.00 0.00 108.00 0.00 111.00 0.00 0.0560982
4 144.00 0.00 126.00 0.00 90.00 0.00 108.00 0.00 0.108379
4 132.00 0.00 126.00 0.00 102.00 0.00 108.00 0.00 0.0326705
4 144.00 0.00 138.00 0.00 90.00 0.00 96.00 0.00 0.0033986
4 138.00 0.00 132.00 0.00 96.00 0.00 102.00 0.00 0.00901288
4 180.00 0.00 162.00 0.00 54.00 0.00 72.00 0.00 0.000626555
4 162.00 0.00 132.00 0.00 72.00 0.00 102.00 0.00 0.0689265
4 162.00 0.00 144.00 0.00 72.00 0.00 90.00 0.00 0.013535
4 126.00 0.00 120.00 0.00 108.00 0.00 114.00 0.00 0.273816
4 222.00 0.00 192.00 0.00 12.00 0.00 42.00 0.00 0.000412775
4 129.00 0.00 126.00 0.00 105.00 0.00 108.00 0.00 0.0124831
4 198.00 0.00 180.00 0.00 36.00 0.00 54.00 0.00 -0.000397727
4 192.00 0.00 162.00 0.00 42.00 0.00 72.00 0.00 -0.000474567
4 123.00 0.00 120.00 0.00 111.00 0.00 114.00 0.00 0.140679
4 126.00 0.00 123.00 0.00 108.00 0.00 111.00 0.00 0.0254824
4 132.00 0.00 129.00 0.00 102.00 0.00 105.00 0.00 0.00495508
4 132.00 0.00 129.00 0.00 105.00 0.00 108.00 0.00 0.00730461
4 123.00 0.00 120.00 0.00 114.00 0.00 117.00 0.00 0.548804
4 126.00 0.00 123.00 0.00 111.00 0.00 114.00 0.00 0.0506149
4 129.00 0.00 126.00 0.00 108.00 0.00 111.00 0.00 0.0199283
4 156.00 0.00 132.00 0.00 84.00 0.00 108.00 0.00 0.0889968
4 144.00 0.00 138.00 0.00 96.00 0.00 102.00 0.00 0.00556199
4 138.00 0.00 126.00 0.00 102.00 0.00 114.00 0.00 0.160436
4 144.00 0.00 132.00 0.00 96.00 0.00 108.00 0.00 0.0398955
4 138.00 0.00 132.00 0.00 102.00 0.00 108.00 0.00 0.0160455
4 168.00 0.00 144.00 0.00 72.00 0.00 96.00 0.00 0.0210766
4 162.00 0.00 150.00 0.00 78.00 0.00 90.00 0.00 0.000949253
4 174.00 0.00 162.00 0.00 66.00 0.00 78.00 0.00 0.00032255
4 174.00 0.00 156.00 0.00 66.00 0.00 84.00 0.00 0.00211721
4 180.00 0.00 156.00 0.00 60.00 0.00 84.00 0.00 0.00382654
4 132.00 0.00 126.00 0.00 108.00 0.00 114.00 0.00 0.0806085
4 168.00 0.00 156.00 0.00 72.00 0.00 84.00 0.00 0.000394811
4 180.00 0.00 150.00 0.00 60.00 0.00 90.00 0.00 0.0059749
4 156.00 0.00 138.00 0.00 84.00 0.00 102.00 0.00 0.031744
4 156.00 0.00 144.00 0.00 84.00 0.00 96.00 0.00 0.0107932
4 150.00 0.00 144.00 0.00 90.00 0.00 96.00 0.00 0.0062224
4 180.00 0.00 168.00 0.00 60.00 0.00 72.00 0.00 0.00078467
4 150.00 0.00 138.00 0.00 90.00 0.00 102.00 0.00 0.0234689
4 240.00 0.00 210.00 0.00 0.00 0.00 30.00 0.00 -1.45685e-05
4 192.00 0.00 168.00 0.00 48.00 0.00 72.00 0.00 -0.000620133
4 126.00 0.00 123.00 0.00 114.00 0.00 117.00 0.00 0.127379
4 210.00 0.00 192.00 0.00 30.00 0.00 48.00 0.00 0.000183383
4 240.00 0.00 216.00 0.00 0.00 0.00 24.00 0.00 -6.35063e-05
4 210.00 0.00 180.00 0.00 30.00 0.00 60.00 0.00 6.61358e-05
4 192.00 0.00 174.00 0.00 48.00 0.00 66.00 0.00 -0.000464793
4 216.00 0.00 192.00 0.00 24.00 0.00 48.00 0.00 0.000164779
4 204.00 0.00 180.00 0.00 36.00 0.00 60.00 0.00 3.7452e-06
4 135.00 0.00 132.00 0.00 105.00 0.00 108.00 0.00 0.0052829
4 132.00 0.00 129.00 0.00 108.00 0.00 111.00 0.00 0.010836
4 129.00 0.00 126.00 0.00 111.00 0.00 114.00 0.00 0.0338241
4 228.00 0.00 204.00 0.00 12.00 0.00 36.00 0.00 0.000265684
4 135.00 0.00 132.00 0.00 108.00 0.00 111.00 0.00 0.00693882
4 126.00 0.00 123.00 0.00 117.00 0.00 120.00 0.00 0.556171
4 132.00 0.00 129.00 0.00 111.00 0.00 114.00 0.00 0.0163869
4 129.00 0.00 126.00 0.00 114.00 0.00 117.00 0.00 0.0683065
4 138.00 0.00 132.00 0.00 108.00 0.00 114.00 0.00 0.0305861
4 168.00 0.00 138.00 0.00 78.00 0.00 108.00 0.00 0.0650778
4 168.00 0.00 150.00 0.00 78.00 0.00 96.00 0.00 0.00223396
4 150.00 0.00 144.00 0.00 96.00 0.00 102.00 0.00 0.00869442
4 150.00 0.00 132.00 0.00 96.00 0.00 114.00 0.00 0.123683
4 144.00 0.00 138.00 0.00 102.00 0.00 108.00 0.00 0.00936869
4 132.00 0.00 126.00 0.00 114.00 0.00 120.00 0.00 0.343664
4 204.00 0.00 186.00 0.00 42.00 0.00 60.00 0.00 -0.000560913
4 198.00 0.00 168.00 0.00 48.00 0.00 78.00 0.00 0.000204703
4 129.00 0.00 126.00 0.00 117.00 0.00 120.00 0.00 0.185927
4 228.00 0.00 198.00 0.00 18.00 0.00 48.00 0.00 0.000521271
4 138.00 0.00 135.00 0.00 108.00 0.00 111.00 0.00 0.00523486
4 135.00 0.00 132.00 0.00 111.00 0.00 114.00 0.00 0.0103639
4 132.00 0.00 129.00 0.00 114.00 0.00 117.00 0.00 0.0282293
4 186.00 0.00 168.00 0.00 60.00 0.00 78.00 0.00 -0.00380515
4 129.00 0.00 126.00 0.00 120.00 0.00 123.00 0.00 0.837986
4 138.00 0.00 135.00 0.00 111.00 0.00 114.00 0.00 0.00713383
4 135.00 0.00 132.00 0.00 114.00 0.00 117.00 0.00 0.0163623
4 132.00 0.00 129.00 0.00 117.00 0.00 120.00 0.00 0.0600288
4 168.00 0.00 156.00 0.00 84.00 0.00 96.00 0.00 0.000968344
4 174.00 0.00 150.00 0.00 78.00 0.00 102.00 0.00 0.00612464
4 144.00 0.00 138.00 0.00 108.00 0.00 114.00 0.00 0.0149357
4 174.00 0.00 162.00 0.00 78.00 0.00 90.00 0.00 0.000380118
4 150.00 0.00 144.00 0.00 102.00 0.00 108.00 0.00 0.0120305
4 138.00 0.00 132.00 0.00 114.00 0.00 120.00 0.00 0.0749875
4 162.00 0.00 138.00 0.00 90.00 0.00 114.00 0.00 0.0853254
4 180.00 0.00 162.00 0.00 72.00 0.00 90.00 0.00 0.00173421
4 144.00 0.00 132.00 0.00 108.00 0.00 120.00 0.00 0.149196
4 156.00 0.00 150.00 0.00 96.00 0.00 102.00 0.00 0.000187662
4 162.00 0.00 144.00 0.00 90.00 0.00 108.00 0.00 0.0311969
4 162.00 0.00 150.00 0.00 90.00 0.00 102.00 0.00 0.00184244
4 156.00 0.00 144.00 0.00 96.00 0.00 108.00 0.00 0.0221957
4 180.00 0.00 168.00 0.00 72.00 0.00 84.00 0.00 0.0014707
4 150.00 0.00 138.00 0.00 102.00 0.00 114.00 0.00 0.0545677
4 186.00 0.00 156.00 0.00 66.00 0.00 96.00 0.00 0.00726437
4 198.00 0.00 180.00 0.00 54.00 0.00 72.00 0.00 -0.000314942
4 186.00 0.00 174.00 0.00 66.00 0.00 78.00 0.00 -0.00156609
4 222.00 0.00 198.00 0.00 30.00 0.00 54.00 0.00 0.000240931
4 132.00 0.00 129.00 0.00 120.00 0.00 123.00 0.00 0.146123
4 216.00 0.00 198.00 0.00 36.00 0.00 54.00 0.00 -0.000226868
4 186.00 0.00 162.00 0.00 66.00 0.00 90.00 0.00 0.00051809
4 216.00 0.00 186.00 0.00 36.00 0.00 66.00 0.00 -0.000948538
4 210.00 0.00 186.00 0.00 42.00 0.00 66.00 0.00 -0.000532235
4 198.00 0.00 174.00 0.00 54.00 0.00 78.00 0.00 0.000486553
4 141.00 0.00 138.00 0.00 111.00 0.00 114.00 0.00 0.00516866
4 234.00 0.00 210.00 0.00 18.00 0.00 42.00 0.00 0.000120592
4 138.00 0.00 135.00 0.00 114.00 0.00 117.00 0.00 0.0110031
4 135.00 0.00 132.00 0.00 117.00 0.00 120.00 0.00 0.030903
4 138.00 0.00 135.00 0.00 117.00 0.00 120.00 0.00 0.0164412
4 135.00 0.00 132.00 0.00 120.00 0.00 123.00 0.00 0.0595456
4 141.00 0.00 138.00 0.00 114.00 0.00 117.00 0.00 0.00649294
4 132.00 0.00 129.00 0.00 123.00 0.00 126.00 0.00 0.448789
4 138.00 0.00 132.00 0.00 120.00 0.00 126.00 0.00 0.255184
4 144.00 0.00 138.00 0.00 114.00 0.00 120.00 0.00 0.0294396
4 174.00 0.00 156.00 0.00 84.00 0.00 102.00 0.00 0.0038127
4 150.00 0.00 144.00 0.00 108.00 0.00 114.00 0.00 0.0174819
4 156.00 0.00 138.00 0.00 102.00 0.00 120.00 0.00 0.114667
4 174.00 0.00 144.00 0.00 84.00 0.00 114.00 0.00 0.0625021
4 156.00 0.00 150.00 0.00 102.00 0.00 108.00 0.00 0.000176104
4 192.00 0.00 174.00 0.00 66.00 0.00 84.00 0.00 -0.000872897
4 138.00 0.00 135.00 0.00 120.00 0.00 123.00 0.00 0.0291503
4 144.00 0.00 141.00 0.00 114.00 0.00 117.00 0.00 0.00407698
4 210.00 0.00 192.00 0.00 48.00 0.00 66.00 0.00 0.000492126
4 135.00 0.00 132.00 0.00 123.00 0.00 126.00 0.00 0.118333
4 234.00 0.00 204.00 0.00 24.00 0.00 54.00 0.00 0.000204022
4 204.00 0.00 174.00 0.00 54.00 0.00 84.00 0.00 -8.635e-05
4 141.00 0.00 138.00 0.00 117.00 0.00 120.00 0.00 0.0104199
4 141.00 0.00 138.00 0.00 120.00 0.00 123.00 0.00 0.0162397
4 144.00 0.00 141.00 0.00 117.00 0.00 120.00 0.00 0.00618605
4 138.00 0.00 135.00 0.00 123.00 0.00 126.00 0.00 0.047327
4 135.00 0.00 132.00 0.00 126.00 0.00 129.00 0.00 0.702449
4 150.00 0.00 144.00 0.00 114.00 0.00 120.00 0.00 0.0274007
4 150.00 0.00 138.00 0.00 114.00 0.00 126.00 0.00 0.162339
4 168.00 0.00 144.00 0.00 96.00 0.00 120.00 0.00 0.078755
4 174.00 0.00 162.00 0.00 90.00 0.00 102.00 0.00 0.00112849
4 180.00 0.00 156.00 0.00 84.00 0.00 108.00 0.00 0.010026
4 162.00 0.00 156.00 0.00 102.00 0.00 108.00 0.00 0.000981703
4 180.00 0.00 168.00 0.00 84.00 0.00 96.00 0.00 0.00190328
4 168.00 0.00 156.00 0.00 96.00 0.00 108.00 0.00 0.00144758
4 162.00 0.00 150.00 0.00 102.00 0.00 114.00 0.00 0.00410893
4 168.00 0.00 150.00 0.00 96.00 0.00 114.00 0.00 0.00599264
4 144.00 0.00 138.00 0.00 120.00 0.00 126.00 0.00 0.0625961
4 156.00 0.00 144.00 0.00 108.00 0.00 120.00 0.00 0.0486439
4 156.00 0.00 150.00 0.00 108.00 0.00 114.00 0.00 0.000762225
4 228.00 0.00 204.00 0.00 36.00 0.00 60.00 0.00 0.000407078
4 192.00 0.00 162.00 0.00 72.00 0.00 102.00 0.00 -0.00140184
4 192.00 0.00 180.00 0.00 72.00 0.00 84.00 0.00 -0.00112562
4 186.00 0.00 174.00 0.00 78.00 0.00 90.00 0.00 -0.00220697
4 138.00 0.00 135.00 0.00 126.00 0.00 129.00 0.00 0.163287
4 240.00 0.00 216.00 0.00 24.00 0.00 48.00 0.00 0.000303103
4 222.00 0.00 192.00 0.00 42.00 0.00 72.00 0.00 0.000938789
4 192.00 0.00 168.00 0.00 72.00 0.00 96.00 0.00 -0.00115783
4 222.00 0.00 204.00 0.00 42.00 0.00 60.00 0.00 0.000142423
4 186.00 0.00 168.00 0.00 78.00 0.00 96.00 0.00 -0.0070587
4 204.00 0.00 186.00 0.00 60.00 0.00 78.00 0.00 -0.00145138
4 216.00 0.00 192.00 0.00 48.00 0.00 72.00 0.00 0.000590533
4 147.00 0.00 144.00 0.00 117.00 0.00 120.00 0.00 0.016066
4 144.00 0.00 141.00 0.00 120.00 0.00 123.00 0.00 0.0106107
4 141.00 0.00 138.00 0.00 123.00 0.00 126.00 0.00 0.0236785
4 204.00 0.00 180.00 0.00 60.00 0.00 84.00 0.00 -0.000904444
4 147.00 0.00 144.00 0.00 120.00 0.00 123.00 0.00 0.0207633
4 141.00 0.00 138.00 0.00 126.00 0.00 129.00 0.00 0.0657593
4 138.00 0.00 135.00 0.00 129.00 0.00 132.00 0.00 0.626849
4 144.00 0.00 141.00 0.00 123.00 0.00 126.00 0.00 0.013235
4 156.00 0.00 150.00 0.00 114.00 0.00 120.00 0.00 0.0010066
4 144.00 0.00 138.00 0.00 126.00 0.00 132.00 0.00 0.315861
4 180.00 0.00 162.00 0.00 90.00 0.00 108.00 0.00 0.00470835
4 180.00 0.00 150.00 0.00 90.00 0.00 120.00 0.00 0.0243987
4 162.00 0.00 144.00 0.00 108.00 0.00 126.00 0.00 0.103651
4 150.00 0.00 144.00 0.00 120.00 0.00 126.00 0.00 0.0431343
4 162.00 0.00 156.00 0.00 108.00 0.00 114.00 0.00 0.000948937
4 198.00 0.00 180.00 0.00 72.00 0.00 90.00 0.00 -0.00174605
4 147.00 0.00 144.00 0.00 123.00 0.00 126.00 0.00 0.0232107
4 210.00 0.00 180.00 0.00 60.00 0.00 90.00 0.00 -0.000690222
4 216.00 0.00 198.00 0.00 54.00 0.00 72.00 0.00 2.56006e-05
4 240.00 0.00 210.00 0.00 30.00 0.00 60.00 0.00 -6.05903e-05
4 141.00 0.00 138.00 0.00 129.00 0.00 132.00 0.00 0.155948
4 150.00 0.00 147.00 0.00 120.00 0.00 123.00 0.00 0.000340216
4 144.00 0.00 141.00 0.00 126.00 0.00 129.00 0.00 0.0319017
4 147.00 0.00 144.00 0.00 126.00 0.00 129.00 0.00 0.0457161
4 144.00 0.00 141.00 0.00 129.00 0.00 132.00 0.00 0.0613386
4 141.00 0.00 138.00 0.00 132.00 0.00 135.00 0.00 0.679443
4 150.00 0.00 147.00 0.00 123.00 0.00 126.00 0.00 0.000325689
4 168.00 0.00 162.00 0.00 108.00 0.00 114.00 0.00 1.6773e-05
4 156.00 0.00 150.00 0.00 120.00 0.00 126.00 0.00 0.00144382
4 150.00 0.00 144.00 0.00 126.00 0.00 132.00 0.00 0.112531
4 168.00 0.00 156.00 0.00 108.00 0.00 120.00 0.00 0.00337053
4 180.00 0.00 168.00 0.00 96.00 0.00 108.00 0.00 0.0038723
4 174.00 0.00 156.00 0.00 102.00 0.00 120.00 0.00 0.0126569
4 174.00 0.00 162.00 0.00 102.00 0.00 114.00 0.00 0.00177653
4 162.00 0.00 156.00 0.00 114.00 0.00 120.00 0.00 0.00134776
4 162.00 0.00 150.00 0.00 114.00 0.00 126.00 0.00 0.00889023
4 156.00 0.00 144.00 0.00 120.00 0.00 132.00 0.00 0.163896
4 174.00 0.00 150.00 0.00 102.00 0.00 126.00 0.00 0.0257663
4 222.00 0.00 198.00 0.00 54.00 0.00 78.00 0.00 0.000257541
4 186.00 0.00 162.00 0.00 90.00 0.00 114.00 0.00 0.00148604
4 192.00 0.00 180.00 0.00 84.00 0.00 96.00 0.00 -0.0024608
4 192.00 0.00 174.00 0.00 84.00 0.00 102.00 0.00 -0.00244947
4 198.00 0.00 186.00 0.00 78.00 0.00 90.00 0.00 -0.000594893
4 198.00 0.00 174.00 0.00 78.00 0.00 102.00 0.00 0.000106143
4 228.00 0.00 210.00 0.00 48.00 0.00 66.00 0.00 4.42464e-05
4 234.00 0.00 210.00 0.00 42.00 0.00 66.00 0.00 0.000170103
4 186.00 0.00 174.00 0.00 90.00 0.00 102.00 0.00 -0.00443109
4 228.00 0.00 198.00 0.00 48.00 0.00 78.00 0.00 0.000732363
4 150.00 0.00 147.00 0.00 126.00 0.00 129.00 0.00 0.000800417
4 210.00 0.00 186.00 0.00 66.00 0.00 90.00 0.00 -0.00202377
4 198.00 0.00 168.00 0.00 78.00 0.00 108.00 0.00 0.000313295
4 210.00 0.00 192.00 0.00 66.00 0.00 84.00 0.00 0.000764269
4 144.00 0.00 141.00 0.00 132.00 0.00 135.00 0.00 0.165715
4 153.00 0.00 150.00 0.00 123.00 0.00 126.00 0.00 0.000355907
4 147.00 0.00 144.00 0.00 129.00 0.00 132.00 0.00 0.0676098
4 153.00 0.00 150.00 0.00 126.00 0.00 129.00 0.00 0.000683623
4 150.00 0.00 147.00 0.00 129.00 0.00 132.00 0.00 0.00105889
4 147.00 0.00 144.00 0.00 132.00 0.00 135.00 0.00 0.128137
4 144.00 0.00 141.00 0.00 135.00 0.00 138.00 0.00 0.668569
4 168.00 0.00 150.00 0.00 114.00 0.00 132.00 0.00 0.0229966
4 162.00 0.00 156.00 0.00 120.00 0.00 126.00 0.00 0.0030041
4 150.00 0.00 144.00 0.00 132.00 0.00 138.00 0.00 0.40333
4 156.00 0.00 150.00 0.00 126.00 0.00 132.00 0.00 0.00358212
4 168.00 0.00 162.00 0.00 114.00 0.00 120.00 0.00 0.000287645
4 204.00 0.00 186.00 0.00 78.00 0.00 96.00 0.00 -0.00340963
4 222.00 0.00 204.00 0.00 60.00 0.00 78.00 0.00 0.000368945
4 186.00 0.00 156.00 0.00 96.00 0.00 126.00 0.00 0.0327476
4 150.00 0.00 147.00 0.00 132.00 0.00 135.00 0.00 0.00193172
4 186.00 0.00 168.00 0.00 96.00 0.00 114.00 0.00 -0.0189804
4 216.00 0.00 186.00 0.00 66.00 0.00 96.00 0.00 -0.00276538
4 156.00 0.00 153.00 0.00 126.00 0.00 129.00 0.00 0.000241519
4 147.00 0.00 144.00 0.00 135.00 0.00 138.00 0.00 0.272825
4 153.00 0.00 150.00 0.00 129.00 0.00 132.00 0.00 0.00111689
4 150.00 0.00 147.00 0.00 135.00 0.00 138.00 0.00 0.00379503
4 147.00 0.00 144.00 0.00 138.00 0.00 141.00 0.00 0.870759
4 156.00 0.00 153.00 0.00 129.00 0.00 132.00 0.00 0.000520856
4 153.00 0.00 150.00 0.00 132.00 0.00 135.00 0.00 0.00192028
4 174.00 0.00 168.00 0.00 114.00 0.00 120.00 0.00 0.00253185
4 174.00 0.00 162.00 0.00 114.00 0.00 126.00 0.00 0.00644727
4 168.00 0.00 156.00 0.00 120.00 0.00 132.00 0.00 0.00989861
4 162.00 0.00 150.00 0.00 126.00 0.00 138.00 0.00 0.0424002
4 168.00 0.00 162.00 0.00 120.00 0.00 126.00 0.00 0.000187156
4 180.00 0.00 168.00 0.00 108.00 0.00 120.00 0.00 0.00679485
4 180.00 0.00 156.00 0.00 108.00 0.00 132.00 0.00 0.0473508
4 162.00 0.00 156.00 0.00 126.00 0.00 132.00 0.00 0.00564017
4 180.00 0.00 162.00 0.00 108.00 0.00 126.00 0.00 0.0118213
4 156.00 0.00 150.00 0.00 132.00 0.00 138.00 0.00 0.00977685
4 234.00 0.00 216.00 0.00 54.00 0.00 72.00 0.00 0.000103998
4 186.00 0.00 174.00 0.00 102.00 0.00 114.00 0.00 -0.00991583
4 204.00 0.00 174.00 0.00 84.00 0.00 114.00 0.00 -0.00239007
4 198.00 0.00 180.00 0.00 90.00 0.00 108.00 0.00 -0.00397134
4 159.00 0.00 156.00 0.00 129.00 0.00 132.00 0.00 -0.00134632
4 198.00 0.00 186.00 0.00 90.00 0.00 102.00 0.00 -0.00121809
4 228.00 0.00 204.00 0.00 60.00 0.00 84.00 0.00 0.000642382
4 216.00 0.00 198.00 0.00 72.00 0.00 90.00 0.00 -0.000147686
4 192.00 0.00 180.00 0.00 96.00 0.00 108.00 0.00 -0.00525682
4 192.00 0.00 168.00 0.00 96.00 0.00 120.00 0.00 -0.00362971
4 204.00 0.00 180.00 0.00 84.00 0.00 108.00 0.00 -0.00400773
4 240.00 0.00 216.00 0.00 48.00 0.00 72.00 0.00 0.000143913
4 150.00 0.00 147.00 0.00 138.00 0.00 141.00 0.00 0.0091667
4 216.00 0.00 192.00 0.00 72.00 0.00 96.00 0.00 0.00133759
4 204.00 0.00 192.00 0.00 84.00 0.00 96.00 0.00 0.000905398
4 234.00 0.00 204.00 0.00 54.00 0.00 84.00 0.00 0.000414252
4 156.00 0.00 153.00 0.00 132.00 0.00 135.00 0.00 0.000889568
4 153.00 0.00 150.00 0.00 135.00 0.00 138.00 0.00 0.00360558
4 150.00 0.00 147.00 0.00 141.00 0.00 144.00 0.00 1.57025
4 159.00 0.00 156.00 0.00 132.00 0.00 135.00 0.00 0.00128941
4 156.00 0.00 153.00 0.00 135.00 0.00 138.00 0.00 0.00148437
4 153.00 0.00 150.00 0.00 138.00 0.00 141.00 0.00 0.00781729
4 162.00 0.00 156.00 0.00 132.00 0.00 138.00 0.00 0.0138774
4 174.00 0.00 168.00 0.00 120.00 0.00 126.00 0.00 0.00282061
4 156.00 0.00 150.00 0.00 138.00 0.00 144.00 0.00 0.0957631
4 174.00 0.00 156.00 0.00 120.00 0.00 138.00 0.00 0.0746629
4 168.00 0.00 162.00 0.00 126.00 0.00 132.00 0.00 0.000550284
4 192.00 0.00 162.00 0.00 102.00 0.00 132.00 0.00 -0.0119469
4 222.00 0.00 192.00 0.00 72.00 0.00 102.00 0.00 0.0026563
4 210.00 0.00 192.00 0.00 84.00 0.00 102.00 0.00 0.00132141
4 156.00 0.00 153.00 0.00 138.00 0.00 141.00 0.00 0.00348666
4 228.00 0.00 210.00 0.00 66.00 0.00 84.00 0.00 0.000336121
4 153.00 0.00 150.00 0.00 141.00 0.00 144.00 0.00 1.41026
4 192.00 0.00 174.00 0.00 102.00 0.00 120.00 0.00 -0.0101933
4 162.00 0.00 159.00 0.00 132.00 0.00 135.00 0.00 0.00584547
4 159.00 0.00 156.00 0.00 135.00 0.00 138.00 0.00 0.00862077
4 156.00 0.00 153.00 0.00 141.00 0.00 144.00 0.00 0.805629
4 162.00 0.00 159.00 0.00 135.00 0.00 138.00 0.00 0.0095974
4 159.00 0.00 156.00 0.00 138.00 0.00 141.00 0.00 0.0412138
4 153.00 0.00 150.00 0.00 144.00 0.00 147.00 0.00 2.85133
4 180.00 0.00 174.00 0.00 120.00 0.00 126.00 0.00 0.00177504
4 168.00 0.00 162.00 0.00 132.00 0.00 138.00 0.00 0.000251177
4 168.00 0.00 156.00 0.00 132.00 0.00 144.00 0.00 0.0883782
4 174.00 0.00 168.00 0.00 126.00 0.00 132.00 0.00 0.00744253
4 174.00 0.00 162.00 0.00 126.00 0.00 138.00 0.00 0.0270846
4 162.00 0.00 156.00 0.00 138.00 0.00 144.00 0.00 0.0772432
4 180.00 0.00 168.00 0.00 120.00 0.00 132.00 0.00 0.0159355
4 210.00 0.00 186.00 0.00 90.00 0.00 114.00 0.00 -0.00733303
4 198.00 0.00 186.00 0.00 102.00 0.00 114.00 0.00 -0.00252687
4 198.00 0.00 174.00 0.00 102.00 0.00 126.00 0.00 -0.00537219
4 204.00 0.00 192.00 0.00 96.00 0.00 108.00 0.00 0.00181319
4 186.00 0.00 174.00 0.00 114.00 0.00 126.00 0.00 -0.0239167
4 234.00 0.00 210.00 0.00 66.00 0.00 90.00 0.00 0.000358781
4 222.00 0.00 198.00 0.00 78.00 0.00 102.00 0.00 0.00117331
4 192.00 0.00 180.00 0.00 108.00 0.00 120.00 0.00 -0.011377
4 210.00 0.00 180.00 0.00 90.00 0.00 120.00 0.00 -0.00809728
4 186.00 0.00 162.00 0.00 114.00 0.00 138.00 0.00 -0.00175649
4 186.00 0.00 168.00 0.00 114.00 0.00 132.00 0.00 -0.0908344
4 240.00 0.00 210.00 0.00 60.00 0.00 90.00 0.00 -4.03895e-05
4 222.00 0.00 204.00 0.00 78.00 0.00 96.00 0.00 0.000738723
4 210.00 0.00 198.00 0.00 90.00 0.00 102.00 0.00 0.000167601
4 204.00 0.00 186.00 0.00 96.00 0.00 114.00 0.00 -0.0075609
4 240.00 0.00 222.00 0.00 60.00 0.00 78.00 0.00 4.22266e-05
4 165.00 0.00 162.00 0.00 135.00 0.00 138.00 0.00 0.000163599
4 162.00 0.00 159.00 0.00 138.00 0.00 141.00 0.00 0.0199009
4 159.00 0.00 156.00 0.00 141.00 0.00 144.00 0.00 10.9708
4 156.00 0.00 153.00 0.00 144.00 0.00 147.00 0.00 0.834598
4 165.00 0.00 162.00 0.00 138.00 0.00 141.00 0.00 -2.73305e-05
4 156.00 0.00 153.00 0.00 147.00 0.00 150.00 0.00 0.739152
4 162.00 0.00 159.00 0.00 141.00 0.00 144.00 0.00 2.597
4 159.00 0.00 156.00 0.00 144.00 0.00 147.00 0.00 8.26048
4 168.00 0.00 162.00 0.00 138.00 0.00 144.00 0.00 0.000677538
4 180.00 0.00 174.00 0.00 126.00 0.00 132.00 0.00 0.00347001
4 180.00 0.00 162.00 0.00 126.00 0.00 144.00 0.00 0.201889
4 174.00 0.00 168.00 0.00 132.00 0.00 138.00 0.00 0.0175365
4 162.00 0.00 156.00 0.00 144.00 0.00 150.00 0.00 12.3975
4 198.00 0.00 180.00 0.00 108.00 0.00 126.00 0.00 -0.0117814
4 198.00 0.00 168.00 0.00 108.00 0.00 138.00 0.00 -0.00811828
4 234.00 0.00 216.00 0.00 72.00 0.00 90.00 0.00 0.000397967
4 228.00 0.00 198.00 0.00 78.00 0.00 108.00 0.00 0.00173119
4 159.00 0.00 156.00 0.00 147.00 0.00 150.00 0.00 6.27337
4 168.00 0.00 165.00 0.00 138.00 0.00 141.00 0.00 0.000299069
4 165.00 0.00 162.00 0.00 141.00 0.00 144.00 0.00 -0.0287884
4 162.00 0.00 159.00 0.00 144.00 0.00 147.00 0.00 2.72357
4 216.00 0.00 198.00 0.00 90.00 0.00 108.00 0.00 -2.84769e-05
4 168.00 0.00 165.00 0.00 141.00 0.00 144.00 0.00 0.0544041
4 165.00 0.00 162.00 0.00 144.00 0.00 147.00 0.00 -0.0247557
4 162.00 0.00 159.00 0.00 147.00 0.00 150.00 0.00 2.5246
4 159.00 0.00 156.00 0.00 150.00 0.00 153.00 0.00 3.74649
4 174.00 0.00 168.00 0.00 138.00 0.00 144.00 0.00 0.187441
4 180.00 0.00 174.00 0.00 132.00 0.00 138.00 0.00 0.00602717
4 168.00 0.00 162.00 0.00 144.00 0.00 150.00 0.00 -0.0958795
4 180.00 0.00 168.00 0.00 132.00 0.00 144.00 0.00 0.187265
4 174.00 0.00 162.00 0.00 138.00 0.00 150.00 0.00 12.07
4 192.00 0.00 174.00 0.00 120.00 0.00 138.00 0.00 -0.0731578
4 210.00 0.00 198.00 0.00 102.00 0.00 114.00 0.00 0.000197267
4 186.00 0.00 174.00 0.00 126.00 0.00 138.00 0.00 -0.160526
4 192.00 0.00 180.00 0.00 120.00 0.00 132.00 0.00 -0.0286277
4 210.00 0.00 192.00 0.00 102.00 0.00 120.00 0.00 0.00337623
4 216.00 0.00 186.00 0.00 96.00 0.00 126.00 0.00 -0.01454
4 204.00 0.00 180.00 0.00 108.00 0.00 132.00 0.00 -0.0219838
4 168.00 0.00 165.00 0.00 144.00 0.00 147.00 0.00 0.0505805
4 240.00 0.00 216.00 0.00 72.00 0.00 96.00 0.00 7.0663e-05
4 192.00 0.00 168.00 0.00 120.00 0.00 144.00 0.00 -1.09446
4 216.00 0.00 204.00 0.00 96.00 0.00 108.00 0.00 0.000444968
4 204.00 0.00 192.00 0.00 108.00 0.00 120.00 0.00 0.0032153
4 228.00 0.00 210.00 0.00 84.00 0.00 102.00 0.00 0.000561461
4 228.00 0.00 204.00 0.00 84.00 0.00 108.00 0.00 0.00175396
4 186.00 0.00 180.00 0.00 126.00 0.00 132.00 0.00 -0.0293564
4 216.00 0.00 192.00 0.00 96.00 0.00 120.00 0.00 0.00445181
4 198.00 0.00 186.00 0.00 114.00 0.00 126.00 0.00 -0.00595954
4 171.00 0.00 168.00 0.00 141.00 0.00 144.00 0.00 -0.264746
4 165.00 0.00 162.00 0.00 147.00 0.00 150.00 0.00 -0.0149729
4 162.00 0.00 159.00 0.00 150.00 0.00 153.00 0.00 4.19646
4 168.00 0.00 165.00 0.00 147.00 0.00 150.00 0.00 0.0300279
4 171.00 0.00 168.00 0.00 144.00 0.00 147.00 0.00 -0.244771
4 165.00 0.00 162.00 0.00 150.00 0.00 153.00 0.00 -0.00966418
4 162.00 0.00 159.00 0.00 153.00 0.00 156.00 0.00 6.99533
4 168.00 0.00 162.00 0.00 150.00 0.00 156.00 0.00 -0.000950867
4 174.00 0.00 168.00 0.00 144.00 0.00 150.00 0.00 12.0207
4 180.00 0.00 174.00 0.00 138.00 0.00 144.00 0.00 0.00939805
4 186.00 0.00 180.00 0.00 132.00 0.00 138.00 0.00 -0.0930987
4 186.00 0.00 168.00 0.00 132.00 0.00 150.00 0.00 14.3284
4 165.00 0.00 162.00 0.00 153.00 0.00 156.00 0.00 0.0188154
4 168.00 0.00 165.00 0.00 150.00 0.00 153.00 0.00 0.019919
4 204.00 0.00 174.00 0.00 114.00 0.00 144.00 0.00 -0.570534
4 174.00 0.00 171.00 0.00 144.00 0.00 147.00 0.00 5.2408
4 222.00 0.00 204.00 0.00 96.00 0.00 114.00 0.00 0.00146855
4 234.00 0.00 204.00 0.00 84.00 0.00 114.00 0.00 0.00170921
4 240.00 0.00 222.00 0.00 78.00 0.00 96.00 0.00 -0.000174336
4 204.00 0.00 186.00 0.00 114.00 0.00 132.00 0.00 -0.0282599
4 171.00 0.00 168.00 0.00 147.00 0.00 150.00 0.00 -0.114692
4 171.00 0.00 168.00 0.00 150.00 0.00 153.00 0.00 -0.0541506
4 174.00 0.00 171.00 0.00 147.00 0.00 150.00 0.00 2.60418
4 168.00 0.00 165.00 0.00 153.00 0.00 156.00 0.00 -0.0299503
4 165.00 0.00 162.00 0.00 156.00 0.00 159.00 0.00 0.0229301
4 174.00 0.00 168.00 0.00 150.00 0.00 156.00 0.00 0.870459
4 180.00 0.00 174.00 0.00 144.00 0.00 150.00 0.00 0.0633059
4 180.00 0.00 168.00 0.00 144.00 0.00 156.00 0.00 12.7048
4 186.00 0.00 174.00 0.00 138.00 0.00 150.00 0.00 -18.3101
4 192.00 0.00 180.00 0.00 132.00 0.00 144.00 0.00 -2.69097
4 198.00 0.00 186.00 0.00 126.00 0.00 138.00 0.00 -0.0239393
4 222.00 0.00 198.00 0.00 102.00 0.00 126.00 0.00 0.00387157
4 186.00 0.00 180.00 0.00 138.00 0.00 144.00 0.00 -38.2084
4 222.00 0.00 192.00 0.00 102.00 0.00 132.00 0.00 0.0151846
4 216.00 0.00 204.00 0.00 108.00 0.00 120.00 0.00 0.000871566
4 234.00 0.00 216.00 0.00 90.00 0.00 108.00 0.00 0.000534032
4 198.00 0.00 180.00 0.00 126.00 0.00 144.00 0.00 -0.901064
4 222.00 0.00 210.00 0.00 102.00 0.00 114.00 0.00 0.000449998
4 210.00 0.00 198.00 0.00 114.00 0.00 126.00 0.00 0.000801319
4 210.00 0.00 186.00 0.00 114.00 0.00 138.00 0.00 -0.0511457
4 216.00 0.00 198.00 0.00 108.00 0.00 126.00 0.00 0.000455376
4 192.00 0.00 186.00 0.00 132.00 0.00 138.00 0.00 -0.0269788
4 204.00 0.00 192.00 0.00 120.00 0.00 132.00 0.00 0.00941736
4 198.00 0.00 174.00 0.00 126.00 0.00 150.00 0.00 -21.2898
4 177.00 0.00 174.00 0.00 147.00 0.00 150.00 0.00 0.0106972
4 174.00 0.00 171.00 0.00 150.00 0.00 153.00 0.00 2.06598
4 171.00 0.00 168.00 0.00 153.00 0.00 156.00 0.00 0.149843
4 168.00 0.00 165.00 0.00 156.00 0.00 159.00 0.00 -0.0348825
4 234.00 0.00 210.00 0.00 90.00 0.00 114.00 0.00 0.000746713
4 177.00 0.00 174.00 0.00 150.00 0.00 153.00 0.00 0.0131458
4 168.00 0.00 165.00 0.00 159.00 0.00 162.00 0.00 1.26454
4 174.00 0.00 171.00 0.00 153.00 0.00 156.00 0.00 -2.89725
4 171.00 0.00 168.00 0.00 156.00 0.00 159.00 0.00 0.206001
4 174.00 0.00 168.00 0.00 156.00 0.00 162.00 0.00 43.3814
4 180.00 0.00 174.00 0.00 150.00 0.00 156.00 0.00 0.0155109
4 186.00 0.00 180.00 0.00 144.00 0.00 150.00 0.00 13.1331
4 192.00 0.00 186.00 0.00 138.00 0.00 144.00 0.00 -0.595803
4 228.00 0.00 210.00 0.00 102.00 0.00 120.00 0.00 0.00127144
4 192.00 0.00 174.00 0.00 138.00 0.00 156.00 0.00 -18.2447
4 177.00 0.00 174.00 0.00 153.00 0.00 156.00 0.00 -0.00379413
4 240.00 0.00 210.00 0.00 90.00 0.00 120.00 0.00 0.000174008
4 210.00 0.00 180.00 0.00 120.00 0.00 150.00 0.00 -17.5738
4 210.00 0.00 192.00 0.00 120.00 0.00 138.00 0.00 0.0207325
4 174.00 0.00 171.00 0.00 156.00 0.00 159.00 0.00 -3.23188
4 180.00 0.00 177.00 0.00 150.00 0.00 153.00 0.00 0.00600338
4 171.00 0.00 168.00 0.00 159.00 0.00 162.00 0.00 8.23291
4 174.00 0.00 171.00 0.00 159.00 0.00 162.00 0.00 13.5868
4 177.00 0.00 174.00 0.00 156.00 0.00 159.00 0.00 -0.00335469
4 171.00 0.00 168.00 0.00 162.00 0.00 165.00 0.00 4.75351
4 180.00 0.00 177.00 0.00 153.00 0.00 156.00 0.00 0.0077394
4 180.00 0.00 174.00 0.00 156.00 0.00 162.00 0.00 0.131428
4 180.00 0.00 177.00 0.00 156.00 0.00 159.00 0.00 0.00859974
4 222.00 0.00 204.00 0.00 114.00 0.00 132.00 0.00 0.00521394
4 186.00 0.00 180.00 0.00 150.00 0.00 156.00 0.00 9.69386
4 186.00 0.00 174.00 0.00 150.00 0.00 162.00 0.00 11.6631
4 192.00 0.00 180.00 0.00 144.00 0.00 156.00 0.00 -16.0398
4 222.00 0.00 210.00 0.00 114.00 0.00 126.00 0.00 0.000390053
4 216.00 0.00 204.00 0.00 120.00 0.00 132.00 0.00 0.00318666
4 204.00 0.00 186.00 0.00 132.00 0.00 150.00 0.00 -22.0928
4 210.00 0.00 198.00 0.00 126.00 0.00 138.00 0.00 0.00567417
4 228.00 0.00 204.00 0.00 108.00 0.00 132.00 0.00 0.00678303
4 228.00 0.00 216.00 0.00 108.00 0.00 120.00 0.00 0.000982042
4 216.00 0.00 192.00 0.00 120.00 0.00 144.00 0.00 0.478005
4 204.00 0.00 192.00 0.00 132.00 0.00 144.00 0.00 1.03618
4 198.00 0.00 192.00 0.00 138.00 0.00 144.00 0.00 0.140061
4 240.00 0.00 216.00 0.00 96.00 0.00 120.00 0.00 7.7609e-05
4 228.00 0.00 198.00 0.00 108.00 0.00 138.00 0.00 0.0164203
4 240.00 0.00 222.00 0.00 96.00 0.00 114.00 0.00 -0.000535414
4 198.00 0.00 186.00 0.00 138.00 0.00 150.00 0.00 -12.1622
4 192.00 0.00 186.00 0.00 144.00 0.00 150.00 0.00 -19.1091
4 177.00 0.00 174.00 0.00 159.00 0.00 162.00 0.00 0.0754359
4 204.00 0.00 180.00 0.00 132.00 0.00 156.00 0.00 -25.3812
4 174.00 0.00 171.00 0.00 162.00 0.00 165.00 0.00 -1.37676
4 183.00 0.00 180.00 0.00 153.00 0.00 156.00 0.00 0.00238541
4 177.00 0.00 174.00 0.00 162.00 0.00 165.00 0.00 0.00515326
4 180.00 0.00 177.00 0.00 159.00 0.00 162.00 0.00 0.0189977
4 174.00 0.00 171.00 0.00 165.00 0.00 168.00 0.00 1.75107
4 183.00 0.00 180.00 0.00 156.00 0.00 159.00 0.00 0.00395337
4 180.00 0.00 174.00 0.00 162.00 0.00 168.00 0.00 0.0182247
4 198.00 0.00 192.00 0.00 144.00 0.00 150.00 0.00 3.6096
4 198.00 0.00 180.00 0.00 144.00 0.00 162.00 0.00 -9.22525
4 186.00 0.00 180.00 0.00 156.00 0.00 162.00 0.00 6.23728
4 180.00 0.00 177.00 0.00 162.00 0.00 165.00 0.00 0.0050299
4 192.00 0.00 186.00 0.00 150.00 0.00 156.00 0.00 8.64711
4 234.00 0.00 216.00 0.00 108.00 0.00 126.00 0.00 0.00113266
4 216.00 0.00 198.00 0.00 126.00 0.00 144.00 0.00 0.280045
4 216.00 0.00 186.00 0.00 126.00 0.00 156.00 0.00 -12.0181
4 177.00 0.00 174.00 0.00 165.00 0.00 168.00 0.00 0.00567986
4 186.00 0.00 183.00 0.00 156.00 0.00 159.00 0.00 0.00410838
4 183.00 0.00 180.00 0.00 159.00 0.00 162.00 0.00 0.0115774
4 180.00 0.00 177.00 0.00 165.00 0.00 168.00 0.00 -0.00140297
4 177.00 0.00 174.00 0.00 168.00 0.00 171.00 0.00 0.156533
4 186.00 0.00 183.00 0.00 159.00 0.00 162.00 0.00 0.00719766
4 183.00 0.00 180.00 0.00 162.00 0.00 165.00 0.00 0.003416
4 234.00 0.00 210.00 0.00 114.00 0.00 138.00 0.00 0.00279424
4 192.00 0.00 180.00 0.00 156.00 0.00 168.00 0.00 7.1279
4 216.00 0.00 204.00 0.00 132.00 0.00 144.00 0.00 0.119535
4 228.00 0.00 216.00 0.00 120.00 0.00 132.00 0.00 0.00163852
4 198.00 0.00 192.00 0.00 150.00 0.00 156.00 0.00 -4.46721
4 234.00 0.00 204.00 0.00 114.00 0.00 144.00 0.00 0.0436469
4 228.00 0.00 210.00 0.00 120.00 0.00 138.00 0.00 0.00543091
4 192.00 0.00 186.00 0.00 156.00 0.00 162.00 0.00 3.85977
4 186.00 0.00 180.00 0.00 162.00 0.00 168.00 0.00 -0.178463
4 234.00 0.00 222.00 0.00 114.00 0.00 126.00 0.00 -6.67521e-05
4 180.00 0.00 177.00 0.00 168.00 0.00 171.00 0.00 0.0266215
4 222.00 0.00 210.00 0.00 126.00 0.00 138.00 0.00 0.00328492
4 222.00 0.00 198.00 0.00 126.00 0.00 150.00 0.00 9.39525
4 198.00 0.00 186.00 0.00 150.00 0.00 162.00 0.00 6.80905
4 210.00 0.00 186.00 0.00 138.00 0.00 162.00 0.00 -18.4886
4 210.00 0.00 192.00 0.00 138.00 0.00 156.00 0.00 1.89535
4 210.00 0.00 198.00 0.00 138.00 0.00 150.00 0.00 6.10293
4 204.00 0.00 198.00 0.00 144.00 0.00 150.00 0.00 -2.34201
4 204.00 0.00 192.00 0.00 144.00 0.00 156.00 0.00 -4.69109
4 189.00 0.00 186.00 0.00 159.00 0.00 162.00 0.00 0.00450152
4 186.00 0.00 183.00 0.00 162.00 0.00 165.00 0.00 0.0022242
4 183.00 0.00 180.00 0.00 165.00 0.00 168.00 0.00 0.00543892
4 180.00 0.00 177.00 0.00 171.00 0.00 174.00 0.00 1.28269
4 186.00 0.00 183.00 0.00 165.00 0.00 168.00 0.00 0.00261873
4 189.00 0.00 186.00 0.00 162.00 0.00 165.00 0.00 0.00203993
4 183.00 0.00 180.00 0.00 168.00 0.00 171.00 0.00 0.0086773
4 186.00 0.00 180.00 0.00 168.00 0.00 174.00 0.00 10.1679
4 192.00 0.00 186.00 0.00 162.00 0.00 168.00 0.00 -0.120804
4 198.00 0.00 192.00 0.00 156.00 0.00 162.00 0.00 0.19975
4 222.00 0.00 192.00 0.00 132.00 0.00 162.00 0.00 -3.90854
4 240.00 0.00 222.00 0.00 114.00 0.00 132.00 0.00 -0.00168023
4 204.00 0.00 198.00 0.00 150.00 0.00 156.00 0.00 -1.11251
4 204.00 0.00 186.00 0.00 150.00 0.00 168.00 0.00 3.38448
4 222.00 0.00 204.00 0.00 132.00 0.00 150.00 0.00 4.68306
4 186.00 0.00 183.00 0.00 168.00 0.00 171.00 0.00 0.00233925
4 183.00 0.00 180.00 0.00 171.00 0.00 174.00 0.00 0.325578
4 192.00 0.00 189.00 0.00 162.00 0.00 165.00 0.00 0.000612391
4 189.00 0.00 186.00 0.00 165.00 0.00 168.00 0.00 0.00194462
4 183.00 0.00 180.00 0.00 174.00 0.00 177.00 0.00 0.781922
4 192.00 0.00 189.00 0.00 165.00 0.00 168.00 0.00 0.00036108
4 186.00 0.00 183.00 0.00 171.00 0.00 174.00 0.00 0.137352
4 189.00 0.00 186.00 0.00 168.00 0.00 171.00 0.00 0.00027237
4 240.00 0.00 228.00 0.00 120.00 0.00 132.00 0.00 -0.00179054
4 198.00 0.00 192.00 0.00 162.00 0.00 168.00 0.00 -0.198986
4 204.00 0.00 192.00 0.00 156.00 0.00 168.00 0.00 -1.06463
4 216.00 0.00 204.00 0.00 144.00 0.00 156.00 0.00 5.25931
4 228.00 0.00 204.00 0.00 132.00 0.00 156.00 0.00 6.21837
4 204.00 0.00 198.00 0.00 156.00 0.00 162.00 0.00 0.728921
4 192.00 0.00 186.00 0.00 168.00 0.00 174.00 0.00 7.44129
4 240.00 0.00 210.00 0.00 120.00 0.00 150.00 0.00 -0.735358
4 228.00 0.00 216.00 0.00 132.00 0.00 144.00 0.00 0.0023604
4 240.00 0.00 216.00 0.00 120.00 0.00 144.00 0.00 -0.0323713
4 198.00 0.00 186.00 0.00 162.00 0.00 174.00 0.00 5.4472
4 234.00 0.00 222.00 0.00 126.00 0.00 138.00 0.00 -0.000784228
4 216.00 0.00 198.00 0.00 144.00 0.00 162.00 0.00 -16.1064
4 210.00 0.00 198.00 0.00 150.00 0.00 162.00 0.00 -14.3066
4 210.00 0.00 204.00 0.00 150.00 0.00 156.00 0.00 0.104714
4 234.00 0.00 216.00 0.00 126.00 0.00 144.00 0.00 -0.0146245
4 216.00 0.00 192.00 0.00 144.00 0.00 168.00 0.00 -12.8003
4 222.00 0.00 210.00 0.00 138.00 0.00 150.00 0.00 1.49718
4 195.00 0.00 192.00 0.00 165.00 0.00 168.00 0.00 0.00110896
4 192.00 0.00 189.00 0.00 168.00 0.00 171.00 0.00 -9.02651e-05
4 189.00 0.00 186.00 0.00 171.00 0.00 174.00 0.00 0.0714208
4 186.00 0.00 183.00 0.00 174.00 0.00 177.00 0.00 0.191597
4 195.00 0.00 192.00 0.00 168.00 0.00 171.00 0.00 -0.000226901
4 186.00 0.00 183.00 0.00 177.00 0.00 180.00 0.00 0.750177
4 192.00 0.00 189.00 0.00 171.00 0.00 174.00 0.00 0.0478798
4 189.00 0.00 186.00 0.00 174.00 0.00 177.00 0.00 0.0662719
4 210.00 0.00 192.00 0.00 156.00 0.00 174.00 0.00 -1.97031
4 198.00 0.00 192.00 0.00 168.00 0.00 174.00 0.00 0.702119
4 228.00 0.00 198.00 0.00 138.00 0.00 168.00 0.00 -10.2622
4 228.00 0.00 210.00 0.00 138.00 0.00 156.00 0.00 2.02734
4 210.00 0.00 204.00 0.00 156.00 0.00 162.00 0.00 -3.8501
4 204.00 0.00 198.00 0.00 162.00 0.00 168.00 0.00 -1.28478
4 192.00 0.00 186.00 0.00 174.00 0.00 180.00 0.00 0.332393
4 189.00 0.00 186.00 0.00 177.00 0.00 180.00 0.00 0.172099
4 198.00 0.00 195.00 0.00 168.00 0.00 171.00 0.00 -0.000632974
4 195.00 0.00 192.00 0.00 171.00 0.00 174.00 0.00 0.0299156
4 192.00 0.00 189.00 0.00 174.00 0.00 177.00 0.00 0.03264
4 198.00 0.00 195.00 0.00 171.00 0.00 174.00 0.00 0.0218869
4 195.00 0.00 192.00 0.00 174.00 0.00 177.00 0.00 0.0163113
4 192.00 0.00 189.00 0.00 177.00 0.00 180.00 0.00 0.0686073
4 189.00 0.00 186.00 0.00 180.00 0.00 183.00 0.00 0.713708
4 204.00 0.00 198.00 0.00 168.00 0.00 174.00 0.00 4.04088
4 222.00 0.00 198.00 0.00 150.00 0.00 174.00 0.00 -9.52879
4 240.00 0.00 228.00 0.00 132.00 0.00 144.00 0.00 -0.0257091
4 210.00 0.00 204.00 0.00 162.00 0.00 168.00 0.00 -0.887571
4 222.00 0.00 210.00 0.00 150.00 0.00 162.00 0.00 -1.04771
4 210.00 0.00 198.00 0.00 162.00 0.00 174.00 0.00 8.10708
4 240.00 0.00 222.00 0.00 132.00 0.00 150.00 0.00 -1.97505
4 234.00 0.00 222.00 0.00 138.00 0.00 150.00 0.00 -1.20011
4 222.00 0.00 204.00 0.00 150.00 0.00 168.00 0.00 -7.22093
4 204.00 0.00 192.00 0.00 168.00 0.00 180.00 0.00 4.71193
4 216.00 0.00 210.00 0.00 156.00 0.00 162.00 0.00 -3.48316
4 198.00 0.00 192.00 0.00 174.00 0.00 180.00 0.00 0.0109733
4 216.00 0.00 204.00 0.00 156.00 0.00 168.00 0.00 -13.9369
4 234.00 0.00 210.00 0.00 138.00 0.00 162.00 0.00 1.67447
4 228.00 0.00 216.00 0.00 144.00 0.00 156.00 0.00 -0.124318
4 198.00 0.00 195.00 0.00 174.00 0.00 177.00 0.00 0.0104129
4 192.00 0.00 189.00 0.00 180.00 0.00 183.00 0.00 0.180875
4 201.00 0.00 198.00 0.00 171.00 0.00 174.00 0.00 0.0170781
4 195.00 0.00 192.00 0.00 177.00 0.00 180.00 0.00 0.0303546
4 198.00 0.00 195.00 0.00 177.00 0.00 180.00 0.00 0.0173754
4 201.00 0.00 198.00 0.00 174.00 0.00 177.00 0.00 0.00676909
4 195.00 0.00 192.00 0.00 180.00 0.00 183.00 0.00 0.0633678
4 192.00 0.00 189.00 0.00 183.00 0.00 186.00 0.00 0.787452
4 216.00 0.00 210.00 0.00 162.00 0.00 168.00 0.00 -1.10734
4 198.00 0.00 192.00 0.00 180.00 0.00 186.00 0.00 4.35086
4 210.00 0.00 204.00 0.00 168.00 0.00 174.00 0.00 2.50487
4 234.00 0.00 204.00 0.00 144.00 0.00 174.00 0.00 -0.0531124
4 204.00 0.00 198.00 0.00 174.00 0.00 180.00 0.00 0.0442162
4 216.00 0.00 198.00 0.00 162.00 0.00 180.00 0.00 15.8253
4 234.00 0.00 216.00 0.00 144.00 0.00 162.00 0.00 6.49943
4 195.00 0.00 192.00 0.00 183.00 0.00 186.00 0.00 0.173971
4 198.00 0.00 195.00 0.00 180.00 0.00 183.00 0.00 0.0303869
4 204.00 0.00 201.00 0.00 174.00 0.00 177.00 0.00 0.00480671
4 201.00 0.00 198.00 0.00 177.00 0.00 180.00 0.00 0.0107044
4 201.00 0.00 198.00 0.00 180.00 0.00 183.00 0.00 0.0175853
4 198.00 0.00 195.00 0.00 183.00 0.00 186.00 0.00 0.0665611
4 204.00 0.00 201.00 0.00 177.00 0.00 180.00 0.00 0.00662936
4 195.00 0.00 192.00 0.00 186.00 0.00 189.00 0.00 0.747844
4 210.00 0.00 198.00 0.00 174.00 0.00 186.00 0.00 0.210839
4 234.00 0.00 222.00 0.00 150.00 0.00 162.00 0.00 2.72023
4 228.00 0.00 204.00 0.00 156.00 0.00 180.00 0.00 -6.228
4 240.00 0.00 216.00 0.00 144.00 0.00 168.00 0.00 7.48695
4 222.00 0.00 216.00 0.00 162.00 0.00 168.00 0.00 1.48889
4 228.00 0.00 210.00 0.00 156.00 0.00 174.00 0.00 -2.03653
4 228.00 0.00 216.00 0.00 156.00 0.00 168.00 0.00 7.3787
4 216.00 0.00 210.00 0.00 168.00 0.00 174.00 0.00 3.57567
4 204.00 0.00 198.00 0.00 180.00 0.00 186.00 0.00 0.0174872
4 222.00 0.00 210.00 0.00 162.00 0.00 174.00 0.00 -0.477902
4 216.00 0.00 204.00 0.00 168.00 0.00 180.00 0.00 8.53992
4 210.00 0.00 204.00 0.00 174.00 0.00 180.00 0.00 0.0136195
4 240.00 0.00 228.00 0.00 144.00 0.00 156.00 0.00 -1.92365
4 198.00 0.00 195.00 0.00 186.00 0.00 189.00 0.00 0.181141
4 207.00 0.00 204.00 0.00 177.00 0.00 180.00 0.00 0.00492795
4 204.00 0.00 201.00 0.00 180.00 0.00 183.00 0.00 0.0109295
4 201.00 0.00 198.00 0.00 183.00 0.00 186.00 0.00 0.0329196
4 207.00 0.00 204.00 0.00 180.00 0.00 183.00 0.00 0.00788758
4 198.00 0.00 195.00 0.00 189.00 0.00 192.00 0.00 0.782087
4 201.00 0.00 198.00 0.00 186.00 0.00 189.00 0.00 0.0704647
4 204.00 0.00 201.00 0.00 183.00 0.00 186.00 0.00 0.0184526
4 222.00 0.00 204.00 0.00 168.00 0.00 186.00 0.00 2.53729
4 222.00 0.00 216.00 0.00 168.00 0.00 174.00 0.00 -5.0353
4 240.00 0.00 222.00 0.00 150.00 0.00 168.00 0.00 2.8662
4 210.00 0.00 204.00 0.00 180.00 0.00 186.00 0.00 0.0191482
4 216.00 0.00 210.00 0.00 174.00 0.00 180.00 0.00 0.0105359
4 204.00 0.00 198.00 0.00 186.00 0.00 192.00 0.00 -1.96655
4 240.00 0.00 210.00 0.00 150.00 0.00 180.00 0.00 0.73879
4 207.00 0.00 204.00 0.00 183.00 0.00 186.00 0.00 0.0114571
4 201.00 0.00 198.00 0.00 189.00 0.00 192.00 0.00 0.19014
4 204.00 0.00 201.00 0.00 186.00 0.00 189.00 0.00 0.0349775
4 210.00 0.00 207.00 0.00 180.00 0.00 183.00 0.00 0.00491488
4 204.00 0.00 201.00 0.00 189.00 0.00 192.00 0.00 0.0748764
4 207.00 0.00 204.00 0.00 186.00 0.00 189.00 0.00 0.0199238
4 201.00 0.00 198.00 0.00 192.00 0.00 195.00 0.00 0.696251
4 210.00 0.00 207.00 0.00 183.00 0.00 186.00 0.00 0.00744671
4 228.00 0.00 222.00 0.00 168.00 0.00 174.00 0.00 -0.607999
4 234.00 0.00 210.00 0.00 162.00 0.00 186.00 0.00 -1.6731
4 240.00 0.00 228.00 0.00 156.00 0.00 168.00 0.00 1.96733
4 234.00 0.00 216.00 0.00 162.00 0.00 180.00 0.00 -6.46931
4 222.00 0.00 210.00 0.00 174.00 0.00 186.00 0.00 0.0265797
4 216.00 0.00 204.00 0.00 180.00 0.00 192.00 0.00 4.4519
4 216.00 0.00 210.00 0.00 180.00 0.00 186.00 0.00 0.0074363
4 210.00 0.00 204.00 0.00 186.00 0.00 192.00 0.00 1.47932
4 234.00 0.00 222.00 0.00 162.00 0.00 174.00 0.00 -1.4752
4 222.00 0.00 216.00 0.00 174.00 0.00 180.00 0.00 0.00393677
4 228.00 0.00 216.00 0.00 168.00 0.00 180.00 0.00 -7.24842
4 210.00 0.00 207.00 0.00 186.00 0.00 189.00 0.00 0.0124872
4 204.00 0.00 201.00 0.00 192.00 0.00 195.00 0.00 0.169439
4 213.00 0.00 210.00 0.00 183.00 0.00 186.00 0.00 0.00583906
4 207.00 0.00 204.00 0.00 189.00 0.00 192.00 0.00 0.0381008
4 207.00 0.00 204.00 0.00 192.00 0.00 195.00 0.00 0.0703638
4 210.00 0.00 207.00 0.00 189.00 0.00 192.00 0.00 0.0204334
4 204.00 0.00 201.00 0.00 195.00 0.00 198.00 0.00 0.702823
4 213.00 0.00 210.00 0.00 186.00 0.00 189.00 0.00 0.00783394
4 216.00 0.00 210.00 0.00 186.00 0.00 192.00 0.00 1.64851
4 228.00 0.00 222.00 0.00 174.00 0.00 180.00 0.00 -0.00939407
4 228.00 0.00 210.00 0.00 174.00 0.00 192.00 0.00 2.09507
4 210.00 0.00 204.00 0.00 192.00 0.00 198.00 0.00 -0.0442175
4 222.00 0.00 216.00 0.00 180.00 0.00 186.00 0.00 -0.00431528
4 213.00 0.00 210.00 0.00 189.00 0.00 192.00 0.00 0.0127288
4 210.00 0.00 207.00 0.00 192.00 0.00 195.00 0.00 0.0336709
4 207.00 0.00 204.00 0.00 195.00 0.00 198.00 0.00 0.17543
4 216.00 0.00 213.00 0.00 186.00 0.00 189.00 0.00 0.00557694
4 216.00 0.00 213.00 0.00 189.00 0.00 192.00 0.00 0.00820415
4 210.00 0.00 207.00 0.00 195.00 0.00 198.00 0.00 0.067507
4 213.00 0.00 210.00 0.00 192.00 0.00 195.00 0.00 0.0189607
4 207.00 0.00 204.00 0.00 198.00 0.00 201.00 0.00 0.776773
4 240.00 0.00 216.00 0.00 168.00 0.00 192.00 0.00 -10.7169
4 216.00 0.00 210.00 0.00 192.00 0.00 198.00 0.00 -0.995847
4 228.00 0.00 222.00 0.00 180.00 0.00 186.00 0.00 -0.00214214
4 234.00 0.00 228.00 0.00 174.00 0.00 180.00 0.00 -0.00971117
4 240.00 0.00 228.00 0.00 168.00 0.00 180.00 0.00 -0.0133329
4 228.00 0.00 216.00 0.00 180.00 0.00 192.00 0.00 -0.281464
4 222.00 0.00 216.00 0.00 186.00 0.00 192.00 0.00 -0.283724
4 234.00 0.00 222.00 0.00 174.00 0.00 186.00 0.00 -0.0409561
4 240.00 0.00 222.00 0.00 168.00 0.00 186.00 0.00 -0.890117
4 222.00 0.00 210.00 0.00 186.00 0.00 198.00 0.00 1.42095
4 219.00 0.00 216.00 0.00 189.00 0.00 192.00 0.00 0.00655373
4 210.00 0.00 207.00 0.00 198.00 0.00 201.00 0.00 0.172188
4 216.00 0.00 213.00 0.00 192.00 0.00 195.00 0.00 0.011189
4 213.00 0.00 210.00 0.00 195.00 0.00 198.00 0.00 0.0330038
4 210.00 0.00 207.00 0.00 201.00 0.00 204.00 0.00 0.761493
4 219.00 0.00 216.00 0.00 192.00 0.00 195.00 0.00 0.00830022
4 216.00 0.00 213.00 0.00 195.00 0.00 198.00 0.00 0.0185878
4 213.00 0.00 210.00 0.00 198.00 0.00 201.00 0.00 0.0658868
4 228.00 0.00 222.00 0.00 186.00 0.00 192.00 0.00 0.0405685
4 216.00 0.00 210.00 0.00 198.00 0.00 204.00 0.00 2.46688
4 234.00 0.00 228.00 0.00 180.00 0.00 186.00 0.00 -0.00287312
4 222.00 0.00 216.00 0.00 192.00 0.00 198.00 0.00 0.0887002
4 234.00 0.00 216.00 0.00 180.00 0.00 198.00 0.00 -1.0438
4 216.00 0.00 213.00 0.00 198.00 0.00 201.00 0.00 0.0315294
4 213.00 0.00 210.00 0.00 201.00 0.00 204.00 0.00 0.167061
4 222.00 0.00 219.00 0.00 192.00 0.00 195.00 0.00 0.00484921
4 219.00 0.00 216.00 0.00 195.00 0.00 198.00 0.00 0.0122873
4 216.00 0.00 213.00 0.00 201.00 0.00 204.00 0.00 0.0639604
4 213.00 0.00 210.00 0.00 204.00 0.00 207.00 0.00 0.779991
4 219.00 0.00 216.00 0.00 198.00 0.00 201.00 0.00 0.0200704
4 222.00 0.00 219.00 0.00 195.00 0.00 198.00 0.00 0.00760497
4 222.00 0.00 216.00 0.00 198.00 0.00 204.00 0.00 -0.0865243
4 234.00 0.00 228.00 0.00 186.00 0.00 192.00 0.00 -0.770598
4 240.00 0.00 228.00 0.00 180.00 0.00 192.00 0.00 -2.279
4 228.00 0.00 216.00 0.00 192.00 0.00 204.00 0.00 0.0360328
4 240.00 0.00 234.00 0.00 180.00 0.00 186.00 0.00 -0.000495403
4 228.00 0.00 222.00 0.00 192.00 0.00 198.00 0.00 -0.0278087
4 234.00 0.00 222.00 0.00 186.00 0.00 198.00 0.00 -0.779381
4 219.00 0.00 216.00 0.00 201.00 0.00 204.00 0.00 0.0343905
4 225.00 0.00 222.00 0.00 195.00 0.00 198.00 0.00 0.00519961
4 222.00 0.00 219.00 0.00 198.00 0.00 201.00 0.00 0.0112252
4 216.00 0.00 213.00 0.00 204.00 0.00 207.00 0.00 0.166078
4 225.00 0.00 222.00 0.00 198.00 0.00 201.00 0.00 0.00823293
4 222.00 0.00 219.00 0.00 201.00 0.00 204.00 0.00 0.0184096
4 216.00 0.00 213.00 0.00 207.00 0.00 210.00 0.00 0.730022
4 219.00 0.00 216.00 0.00 204.00 0.00 207.00 0.00 0.0716716
4 228.00 0.00 222.00 0.00 198.00 0.00 204.00 0.00 0.0886939
4 234.00 0.00 228.00 0.00 192.00 0.00 198.00 0.00 0.320021
4 240.00 0.00 222.00 0.00 186.00 0.00 204.00 0.00 -2.8463
4 240.00 0.00 234.00 0.00 186.00 0.00 192.00 0.00 -0.765357
4 222.00 0.00 216.00 0.00 204.00 0.00 210.00 0.00 1.44455
4 219.00 0.00 216.00 0.00 207.00 0.00 210.00 0.00 0.189682
4 228.00 0.00 225.00 0.00 198.00 0.00 201.00 0.00 0.00515906
4 225.00 0.00 222.00 0.00 201.00 0.00 204.00 0.00 0.0124142
4 222.00 0.00 219.00 0.00 204.00 0.00 207.00 0.00 0.0335573
4 228.00 0.00 225.00 0.00 201.00 0.00 204.00 0.00 0.00786804
4 225.00 0.00 222.00 0.00 204.00 0.00 207.00 0.00 0.0209573
4 222.00 0.00 219.00 0.00 207.00 0.00 210.00 0.00 0.0695701
4 219.00 0.00 216.00 0.00 210.00 0.00 213.00 0.00 0.737716
4 234.00 0.00 222.00 0.00 198.00 0.00 210.00 0.00 0.107485
4 228.00 0.00 222.00 0.00 204.00 0.00 210.00 0.00 0.621053
4 240.00 0.00 228.00 0.00 192.00 0.00 204.00 0.00 -0.912414
4 234.00 0.00 228.00 0.00 198.00 0.00 204.00 0.00 -1.14046
4 240.00 0.00 234.00 0.00 192.00 0.00 198.00 0.00 0.332255
4 228.00 0.00 225.00 0.00 204.00 0.00 207.00 0.00 0.0113074
4 231.00 0.00 228.00 0.00 201.00 0.00 204.00 0.00 0.00560706
4 225.00 0.00 222.00 0.00 207.00 0.00 210.00 0.00 0.0359497
4 222.00 0.00 219.00 0.00 210.00 0.00 213.00 0.00 0.16758
4 231.00 0.00 228.00 0.00 204.00 0.00 207.00 0.00 0.00783676
4 225.00 0.00 222.00 0.00 210.00 0.00 213.00 0.00 0.0678426
4 228.00 0.00 225.00 0.00 207.00 0.00 210.00 0.00 0.0194605
4 222.00 0.00 219.00 0.00 213.00 0.00 216.00 0.00 0.755017
4 228.00 0.00 222.00 0.00 210.00 0.00 216.00 0.00 0.747175
4 240.00 0.00 234.00 0.00 198.00 0.00 204.00 0.00 -0.780921
4 234.00 0.00 228.00 0.00 204.00 0.00 210.00 0.00 0.796702
4 228.00 0.00 225.00 0.00 210.00 0.00 213.00 0.00 0.031838
4 234.00 0.00 231.00 0.00 204.00 0.00 207.00 0.00 0.00551009
4 225.00 0.00 222.00 0.00 213.00 0.00 216.00 0.00 0.168536
4 231.00 0.00 228.00 0.00 207.00 0.00 210.00 0.00 0.0125852
4 231.00 0.00 228.00 0.00 210.00 0.00 213.00 0.00 0.0186345
4 228.00 0.00 225.00 0.00 213.00 0.00 216.00 0.00 0.0619809
4 234.00 0.00 231.00 0.00 207.00 0.00 210.00 0.00 0.00784896
4 225.00 0.00 222.00 0.00 216.00 0.00 219.00 0.00 0.743309
4 240.00 0.00 234.00 0.00 204.00 0.00 210.00 0.00 -0.360627
4 240.00 0.00 228.00 0.00 204.00 0.00 216.00 0.00 3.17109
4 234.00 0.00 228.00 0.00 210.00 0.00 216.00 0.00 1.49998
4 228.00 0.00 225.00 0.00 216.00 0.00 219.00 0.00 0.164126
4 237.00 0.00 234.00 0.00 207.00 0.00 210.00 0.00 0.00644258
4 234.00 0.00 231.00 0.00 210.00 0.00 213.00 0.00 0.0118149
4 231.00 0.00 228.00 0.00 213.00 0.00 216.00 0.00 0.031285
4 228.00 0.00 225.00 0.00 219.00 0.00 222.00 0.00 1.29204
4 237.00 0.00 234.00 0.00 210.00 0.00 213.00 0.00 0.00858325
4 234.00 0.00 231.00 0.00 213.00 0.00 216.00 0.00 0.0171212
4 231.00 0.00 228.00 0.00 216.00 0.00 219.00 0.00 0.0660586
4 234.00 0.00 228.00 0.00 216.00 0.00 222.00 0.00 2.65631
4 240.00 0.00 234.00 0.00 210.00 0.00 216.00 0.00 0.934307
4 231.00 0.00 228.00 0.00 219.00 0.00 222.00 0.00 0.159222
4 234.00 0.00 231.00 0.00 216.00 0.00 219.00 0.00 0.031012
4 237.00 0.00 234.00 0.00 213.00 0.00 216.00 0.00 0.0123949
4 240.00 0.00 237.00 0.00 210.00 0.00 213.00 0.00 0.00535625
4 234.00 0.00 231.00 0.00 219.00 0.00 222.00 0.00 0.0585334
4 237.00 0.00 234.00 0.00 216.00 0.00 219.00 0.00 0.0209005
4 240.00 0.00 237.00 0.00 213.00 0.00 216.00 0.00 0.00743798
4 231.00 0.00 228.00 0.00 222.00 0.00 225.00 0.00 0.734428
4 240.00 0.00 234.00 0.00 216.00 0.00 222.00 0.00 1.46606
4 240.00 0.00 237.00 0.00 216.00 0.00 219.00 0.00 0.011587
4 237.00 0.00 234.00 0.00 219.00 0.00 222.00 0.00 0.0330554
4 234.00 0.00 231.00 0.00 222.00 0.00 225.00 0.00 0.164482
4 240.00 0.00 237.00 0.00 219.00 0.00 222.00 0.00 0.0171271
4 237.00 0.00 234.00 0.00 222.00 0.00 225.00 0.00 0.0734141
4 234.00 0.00 231.00 0.00 225.00 0.00 228.00 0.00 0.613615
4 240.00 0.00 234.00 0.00 222.00 0.00 228.00 0.00 2.91253
4 240.00 0.00 237.00 0.00 222.00 0.00 225.00 0.00 0.0310607
4 237.00 0.00 234.00 0.00 225.00 0.00 228.00 0.00 0.169079
4 240.00 0.00 237.00 0.00 225.00 0.00 228.00 0.00 0.0576916
4 237.00 0.00 234.00 0.00 228.00 0.00 231.00 0.00 0.700205
4 240.00 0.00 237.00 0.00 228.00 0.00 231.00 0.00 0.145355
4 240.00 0.00 237.00 0.00 231.00 0.00 234.00 0.00 0.617057
Topography in separate list
4
81
0,1247.55327
3.023372006,1247.6387
2.992958647,1247.64223
3.004538866,1247.62951
3.045878272,1247.57142
2.984801428,1247.53302
3.071878343,1247.49968
2.887565438,1247.48428
3.065985576,1247.43172
2.95886852,1247.27138
3.027409894,1247.01755
2.959945111,1246.7978
3.125475692,1246.55438
2.962383417,1246.5362
3.032291855,1246.42651
3.033459872,1246.41423
3.029043499,1246.33389
3.016099956,1246.36746
2.991030859,1246.36351
2.971292974,1246.41052
3.034687865,1246.33172
3.01791034,1246.40159
3.027402841,1246.58465
3.066037134,1246.95521
2.977483091,1247.18849
2.989499428,1247.50023
3.014510916,1247.73048
2.991138619,1247.99946
3.060874711,1248.15415
2.957695138,1248.35769
3.029218802,1248.34807
2.991512693,1248.29851
3.029794913,1248.23865
2.990769238,1248.16945
3.048556925,1248.1558
3.003114537,1248.11015
3.026665915,1248.1949
2.997846593,1248.33323
3.00249727,1248.48637
2.992599171,1248.27365
3.026760499,1248.1708
2.996444019,1248.24746
2.648171579,1248.29507
3.338964405,1248.38183
3.052932332,1248.45798
3.003417945,1248.47571
3.006736406,1248.59713
3.018714433,1248.7048
3.048260662,1248.85905
3.01808292,1248.91961
2.992103361,1249.09476
2.985495585,1249.24887
2.996052083,1249.30793
3.029358893,1249.33709
3.025835897,1249.42596
3.020041646,1249.46693
3.052693372,1249.49558
2.982401488,1249.32539
3.053462104,1249.20701
2.969843939,1249.12404
3.009314559,1248.99023
2.993053532,1249.0863
3.044276793,1249.13586
2.993004173,1249.24935
3.011390921,1249.28478
2.999016679,1249.46998
3.014712243,1249.50031
3.012864477,1249.56804
2.99630319,1249.60394
3.012597732,1249.78055
2.991688312,1249.88415
3.054281392,1249.91929
3.083664783,1249.96717
2.853891218,1250.01919
3.02153479,1250.01349
3.050719747,1250.16003
2.989944244,1250.20271
3.036978855,1250.33404
3.00157256,1250.37727
3.005913537,1250.5079
3.013425071,1250.60871
1
0
0
0
0
0
0
0
0

