3.42676181987086e+01
2.93326385793716e+01
2.74007434230546e+01
3.29204431969244e+01
4.73593331521834e+01
3.22949233201949e+01
2.14957975578419e+01
2.76109408230675e+01
2.51895196943631e+01
2.87734626355559e+01
2.21228920582133e+01
2.52478730983848e+01
2.58252061497650e+01
2.60981832747649e+01
4.06720321540674e+01
3.55585928567294e+01
2.16714390251809e+01
3.77394559416950e+01
4.65067082024894e+01
4.09821620659437e+01
2.31911145823030e+02
4.49598030923086e+01
2.36749801426693e+01
2.80552069921695e+01
2.70690217401100e+01
3.04339734829939e+01
2.26707742748674e+01
2.50252973520186e+01
2.59042463114009e+01
2.62857969837488e+01
2.74621993185795e+01
4.51013545467971e+01
2.98118887177464e+01
2.58292341675465e+02
4.38920063061214e+01
3.22591451350912e+01
4.44165557947682e+02
2.65385067174566e+02
1.03189322623277e+01
2.56502805465394e+01
2.86359916231149e+01
3.09714944563856e+01
2.24121412595866e+01
2.52682810838041e+01
2.59931382086746e+01
2.58434973222995e+01
2.72074531562268e+01
2.85891199054044e+01
4.40431474808733e+01
3.27726561834701e+02
1.99486502447512e+02
-4.52737380763108e+01
3.68484092293175e+02
1.20653280323948e+02
2.51285132401189e+01
2.38268288728585e+01
2.79801779685112e+01
3.13543627228703e+01
2.15177907632070e+01
2.46185228415473e+01
2.46346262013662e+01
2.50634281180265e+01
2.64383304084405e+01
2.70068745755953e+01
2.84232340161377e+01
2.95802275875325e+02
1.82496572964422e+02
2.10300053882189e+01
5.13425552484079e+02
4.23589938921987e+01
2.07175733510342e+02
1.54805041575127e+01
2.95175879139144e+01
4.19130843677348e+01
2.04699675439631e+01
2.37097300637374e+01
2.31458188364215e+01
2.32906552004731e+01
2.44201440544703e+01
2.54344177076484e+01
2.55014286145863e+01
2.74739291115941e+01
4.93600652839879e+02
2.09515915293568e+02
1.93435905002948e+02
2.83218538570569e+02
3.88260981713690e+02
2.38643769798015e+02
2.24760737951093e+02
3.46652800182302e+02
4.60108475159006e+01
3.11441729864830e+01
3.01897732987900e+01
2.84330195210459e+01
2.96930884558321e+01
3.00050028080911e+01
2.91494966959652e+01
3.01509192878056e+01
7.13826481287843e+01
3.09774899091217e+02
2.04072044119539e+01
2.24490167759887e+02
3.80291029123993e+01
1.72089338953478e+02
2.46446010664092e+02
3.85277884767817e+01
2.75799709225872e+01
2.77845147938826e+01
2.53320012915184e+01
2.70159742504809e+01
2.74369829934150e+01
2.69950845577505e+01
2.67927444768694e+01
2.87892307452476e+01
9.09986026987952e+01
3.48922509376242e+00
1.73678439177266e+02
8.23427498187549e+02
2.35827303401892e+02
3.51384859813272e+02
3.58673645559059e+01
2.63406669492991e+01
2.79880094134157e+01
2.52231484854315e+01
2.56680502561932e+01
2.64474649296289e+01
2.59019735908502e+01
2.57379297809222e+01
2.67271387585190e+01
2.90140166221967e+01
1.27341152382457e+03
2.36641651183938e+02
1.83262844307981e+01
6.96710917863874e+01
-3.43077766654364e+00
2.47628065243834e+01
2.54391836504709e+01
2.24656072381257e+01
2.29289579935607e+01
2.25446777113161e+01
2.39380792894898e+01
2.32321193618945e+01
2.31403153099294e+01
2.35944936391356e+01
2.57690471164052e+01
-3.72753339758385e+03
2.33173472166433e+01
2.33137789825195e+01
3.81380860128537e+01
4.09804020737510e+01
3.66459964432704e+01
3.55556306874921e+01
3.07997772678961e+01
2.93801739623915e+01
2.80019980000556e+01
2.70647692689739e+01
2.61875366883990e+01
2.57798247162948e+01
2.67465712671517e+01
2.85069281624304e+01
3.85106035197942e+01
3.42477548446924e+01
3.14112606966561e+01
3.42613964765272e+01
3.25721032968123e+01
2.96111807169429e+01
2.73806740803254e+01
3.00026955108204e+01
2.71818930897766e+01
2.61504752904606e+01
2.46963624695006e+01
2.45173258696324e+01
2.50774009612051e+01
2.60866512146273e+01
2.76413624777875e+01
3.86197414037476e+01
3.53948763928242e+01
3.08384562528315e+01
3.88943268793284e+01
3.33693749362917e+01
3.56825893773196e+01
3.38461116799453e+01
3.36585170830540e+01
2.92853962419114e+01
2.81150621202526e+01
2.69188292705217e+01
2.62835373202177e+01
2.68742003654920e+01
2.72504804693229e+01
3.18659793314364e+01
3.34532707177874e+01
3.28819481382456e+01
3.46617756697327e+01
3.03231224617958e+01
3.34216139017588e+01
3.52950793663914e+01
3.11646575147272e+01
2.94366161345452e+01
2.80957512996726e+01
2.78405622207072e+01
2.73852399147630e+01
2.69318846172900e+01
2.84703596152466e+01
3.39462331196702e+01
3.12973014770409e+01
3.24933214992303e+01
3.68704951849207e+01
3.28129098274236e+01
3.36377443281582e+01
3.26375109725812e+01
2.83915944383176e+01
2.78603569766093e+01
2.73658539225709e+01
2.65460676364554e+01
2.63377035514431e+01
2.65001467710449e+01
2.88813670213697e+01
3.41025079633338e+01
3.30381676075084e+01
3.22140657493794e+01
3.94350545359433e+01
3.36777181401815e+01
3.26715622859617e+01
3.02370944465819e+01
2.90878382527404e+01
2.84546239749620e+01
2.75106386374331e+01
2.54986077067434e+01
2.60079439052034e+01
2.70609726041470e+01
3.77270347489886e+01
3.39746324513110e+01
3.18261193618940e+01
3.77059040933260e+01
3.34149509859773e+01
3.25459300100789e+01
3.00572061962069e+01
2.93748788226893e+01
2.86022107539103e+01
2.59080720823557e+01
2.62235599427305e+01
2.60299049996435e+01
2.80901349229427e+01
3.43762887586629e+01
3.28892305728359e+01
3.14771645049720e+01
3.30995370810255e+01
3.44597318375902e+01
3.27439006202200e+01
3.32061600928762e+01
2.99052488959513e+01
2.64754052824636e+01
2.53573943894373e+01
2.59755251092737e+01
2.60059871525354e+01
2.87283366490397e+01
3.03642680628765e+01
3.55232897865388e+01
3.42587692580231e+01
3.35540720779519e+01
3.36716861676238e+01
3.50473077987279e+01
3.17306098827043e+01
2.75024291163574e+01
2.50959503856618e+01
2.48515338955661e+01
2.47593729332124e+01
2.64709211680802e+01
3.49156609565288e+01
3.49607379946401e+01
3.43222318971912e+01
3.60050479532766e+01
3.83703983018321e+01
3.25445127295325e+01
2.85569564431839e+01
2.62830766699049e+01
2.43398093885203e+01
2.44478212344837e+01
2.43947062864590e+01
2.72502507481765e+01
3.95740432874752e+01
3.59500948016864e+01
3.04065787768004e+01
3.77824532648811e+01
3.31991585859585e+01
2.94121904229511e+01
2.85561561414290e+01
2.46244673820078e+01
2.40885373579895e+01
2.41593768210504e+01
2.52849004235750e+01
2.77716880668411e+01
3.59283458696109e+01
3.24110865249521e+01
3.04331680583285e+01
3.41624406643481e+01
3.28603585313432e+01
3.06114995364130e+01
2.90487560642635e+01
2.50070383780335e+01
2.41638675256407e+01
2.47358101274858e+01
2.63738130077814e+01
3.29770467445382e+01
3.18706087642306e+01
3.02474254992239e+01
3.27195458042797e+01
3.05577750953237e+01
2.88895481420553e+01
2.57774683001107e+01
2.46070270125052e+01
2.46126892072500e+01
2.49346124485488e+01
2.63103868845857e+01
3.24609630232375e+01
2.96286198279817e+01
2.76309165730448e+01
3.09090348860059e+01
2.92394276466951e+01
2.62848415250086e+01
2.46917059997032e+01
2.49908359502310e+01
2.50016584847179e+01
2.47202714626579e+01
2.72499453176396e+01
3.12162896211547e+01
2.79266707923631e+01
2.58086797226746e+01
2.88901644968589e+01
2.68594205255247e+01
2.54678735229475e+01
2.67587593728128e+01
2.44442894729990e+01
2.43378756868256e+01
2.49641576922217e+01
2.85126334654744e+01
2.75945258196024e+01
2.68060282809787e+01
2.76510617941357e+01
2.80275647874857e+01
2.78516765398550e+01
2.63725718525301e+01
2.42578413051319e+01
2.39644003868836e+01
2.60658566802534e+01
2.85206843387139e+01
2.75398738641852e+01
2.80404109118410e+01
3.02451419969057e+01
2.84553828562945e+01
2.70073532359946e+01
2.41835216235801e+01
2.43850821612003e+01
2.37389669955277e+01
2.77282986727326e+01
3.13359831403865e+01
2.98826221810005e+01
2.57297228056694e+01
3.21843073496759e+01
2.91492818044348e+01
2.49679491176488e+01
2.34887148718985e+01
2.41563650838686e+01
2.46414963559692e+01
3.32520307517776e+01
2.74183906102317e+01
2.52642150594012e+01
3.13552588157344e+01
2.77054523395042e+01
2.52094215199864e+01
2.58682917080126e+01
2.38590755657788e+01
2.64387964598708e+01
3.24035053329658e+01
2.88257113618469e+01
2.58698311948437e+01
3.23344880927519e+01
2.82529518142086e+01
2.60446856021751e+01
2.61094431686273e+01
2.36444042632564e+01
2.77094329816589e+01
3.23582121187293e+01
2.66533869866504e+01
2.63332913349044e+01
3.15328357185210e+01
2.65519929486421e+01
2.62167319314651e+01
2.37623476036361e+01
2.50283003135531e+01
3.06232197813606e+01
2.74178445552426e+01
2.57059630523358e+01
2.98149572727859e+01
2.64085091502870e+01
2.41274087904720e+01
2.30249283531913e+01
2.67396728639511e+01
2.96644890067319e+01
2.52606411679357e+01
2.36743529400619e+01
2.81813179944921e+01
2.64419773018147e+01
2.45337677025631e+01
2.56158977190439e+01
2.90848383569061e+01
2.75922815920824e+01
2.65463889648492e+01
2.58141943675608e+01
2.84265798615432e+01
2.59700520034373e+01
2.64601838404099e+01
2.72140640552783e+01
3.02099412335967e+01
2.72825672767876e+01
2.64954815297941e+01
2.95615954088658e+01
2.90302609802574e+01
2.64186777777481e+01
2.59719722518405e+01
3.18070698837205e+01
2.69487185527891e+01
2.60077980965266e+01
3.18944825551314e+01
2.61941856812302e+01
2.57624521074366e+01
2.73441890105265e+01
2.93709218460040e+01
2.73223284734113e+01
2.55742923660054e+01
3.17534796597280e+01
2.72058425099987e+01
2.69000382227620e+01
2.96779045119833e+01
2.54584707764045e+01
2.85314328230571e+01
2.95899207778231e+01
2.64427411170890e+01
2.83187596326090e+01
2.92159279106321e+01
2.86848291173870e+01
3.08365825924925e+01
2.92173286726976e+01
3.03204783641476e+01
3.08182090300622e+01
