3.60277527806193e+01
3.06517546455298e+01
2.77447172510000e+01
3.40386724584342e+01
4.13859119960718e+01
3.28546229658205e+01
2.10398893144935e+01
2.76692260237991e+01
2.50028509023014e+01
2.92616305503284e+01
2.30061759975899e+01
2.52385235151250e+01
2.57763380498651e+01
2.61091205470780e+01
4.59708482909368e+01
3.70428696084026e+01
2.25292164094690e+01
4.09512046387077e+01
4.48161542988139e+01
4.26012982578974e+01
2.54317464718464e+02
4.57011513563462e+01
2.46825526776631e+01
2.83478817898546e+01
2.67890008464249e+01
3.10521410184366e+01
2.37446572678300e+01
2.50354069739126e+01
2.58611161796834e+01
2.62969470993635e+01
2.74768174834352e+01
4.45223779881265e+01
2.71407258579464e+01
2.86185577969827e+02
4.01880739387387e+01
5.07836825907953e+01
4.36909320788792e+02
2.61043757092676e+02
1.00792753545340e+01
2.57429307997276e+01
2.82782153216275e+01
3.15936981876031e+01
2.37184235796553e+01
2.52426255912353e+01
2.58910182659580e+01
2.58124090297399e+01
2.71771075633305e+01
2.85211519146216e+01
3.99583995542832e+01
3.65859475863467e+02
2.12628907466544e+02
3.12020860641406e+02
3.82141848648888e+02
1.11873424858368e+02
1.22764613978201e+01
2.73677202946324e+01
2.79332545285752e+01
3.22106833340083e+01
2.32658252344316e+01
2.46173338310540e+01
2.45620153016560e+01
2.50472683819838e+01
2.64318070638387e+01
2.69705491728594e+01
2.83544238582714e+01
6.40977368500497e+02
1.62920920032826e+02
-3.46584610425098e+00
1.64001231270941e+02
2.53713536109981e+01
1.97411834475815e+02
1.72459221570593e+01
2.81797499831698e+01
4.27405340246049e+01
2.27200171319039e+01
2.36384930674672e+01
2.30370590208554e+01
2.32494846432151e+01
2.43663800150234e+01
2.53570952107049e+01
2.54088740309053e+01
2.73925239083628e+01
1.61659626668377e+02
1.68215715927676e+02
1.54062054648328e+02
2.62121159274266e+02
3.83065888405416e+02
2.54979134145027e+02
2.12007472142593e+02
3.43029851543009e+02
4.96250502515334e+01
3.09486393770470e+01
2.98848695895142e+01
2.82626600734410e+01
2.95237700882168e+01
2.98192087527913e+01
2.89382646318089e+01
2.99662957094150e+01
5.37904408594237e+01
3.10107497071028e+02
-3.29663633573176e+00
2.56959940616446e+02
-3.43509440495241e+01
1.87437601600859e+02
2.51267458601899e+02
4.50900930775391e+01
2.75837942590447e+01
2.77168405026626e+01
2.53750645681707e+01
2.70395047529673e+01
2.73979128190906e+01
2.69361376762892e+01
2.67502874058656e+01
2.87524282971172e+01
6.00951358751498e+01
1.60880611294325e+00
1.94763773678237e+02
6.95306279019417e+01
2.73491549744116e+02
3.72372854089043e+02
4.92053734000110e+01
2.61684464559084e+01
2.78294406842350e+01
2.51741429012852e+01
2.55882136780540e+01
2.63414546869978e+01
2.57585448118723e+01
2.56089932696434e+01
2.66296041252002e+01
2.88930693388669e+01
-3.66726609458102e+03
2.67691451164651e+02
4.18730285954104e+01
9.39666135543739e+02
5.84766133840469e+01
1.90524962172484e+01
2.22860718532470e+01
2.12757461109061e+01
2.24745606581811e+01
2.23188405392449e+01
2.37617260658671e+01
2.30669660095031e+01
2.30503579675250e+01
2.35355579030683e+01
2.57277153749758e+01
1.21785071998509e+03
1.94776692502677e+01
2.10704304666638e+01
-9.16651730338187e+01
6.44346751064931e+00
1.94737000404814e+01
2.62494644585973e+01
2.70145566669184e+01
2.73311704878383e+01
2.66331211004910e+01
2.60853351266717e+01
2.54845290762953e+01
2.52708144879268e+01
2.63665943860477e+01
2.82002561622887e+01
4.04819667333348e+01
3.20416108198289e+01
3.08260351941327e+01
3.08945981510023e+01
3.12618371595602e+01
2.97307952850792e+01
2.74305917974539e+01
3.00598690175060e+01
2.71204489278764e+01
2.60088480429781e+01
2.45974310085634e+01
2.44367579469203e+01
2.49993302012202e+01
2.60628356734212e+01
2.75785388311002e+01
3.46043646087103e+01
3.48458267062097e+01
3.03168943029507e+01
3.88420334117573e+01
3.29519315770839e+01
3.57213339843602e+01
3.40374616323470e+01
3.35059537786365e+01
2.90039483264372e+01
2.79154983394600e+01
2.67590680690664e+01
2.61599659760212e+01
2.68073342729884e+01
2.71597993324488e+01
3.16610222371704e+01
3.39609127431144e+01
3.35814073786253e+01
3.44302002622769e+01
3.10731737391543e+01
3.40327361553801e+01
3.55433419334524e+01
3.11110676169380e+01
2.93704726157880e+01
2.80458565188781e+01
2.77905677793572e+01
2.73954067919418e+01
2.69500648571014e+01
2.84491143808394e+01
3.45772957539571e+01
3.20849316671640e+01
3.28771688562653e+01
3.85524492972331e+01
3.35633295592882e+01
3.38661439841084e+01
3.26171753007450e+01
2.83050023229215e+01
2.78135807220457e+01
2.73469612167418e+01
2.65538344118560e+01
2.63383269716855e+01
2.64963135287961e+01
2.88780715065954e+01
3.55798394498653e+01
3.35288010672333e+01
3.23607540699649e+01
4.00247157804048e+01
3.36365116216667e+01
3.26517360040959e+01
3.01833735596150e+01
2.89863743209729e+01
2.83549891100612e+01
2.74813307976400e+01
2.54859123370402e+01
2.60158225659837e+01
2.70306916924167e+01
3.75140473063103e+01
3.39163937064703e+01
3.16537369543047e+01
3.74286442468159e+01
3.31783460076804e+01
3.23394351775681e+01
2.97884280200674e+01
2.91976689125360e+01
2.85458610193538e+01
2.58286058333930e+01
2.61939804315372e+01
2.59949310593189e+01
2.80457216031102e+01
3.40603987793019e+01
3.26154082761423e+01
3.13071827864340e+01
3.26221996549831e+01
3.42497183512443e+01
3.24378588035759e+01
3.29569734888307e+01
2.98098000253967e+01
2.64301102509421e+01
2.53149552464224e+01
2.59561834942832e+01
2.59598333338365e+01
2.87109808873824e+01
3.02117171146179e+01
3.53552821016491e+01
3.39560381041459e+01
3.36500153790942e+01
3.32534591570010e+01
3.47754123117167e+01
3.16436501978527e+01
2.74343019101088e+01
2.50354645664235e+01
2.48543831307011e+01
2.47253701714093e+01
2.64382862362395e+01
3.45946204105831e+01
3.46412414814585e+01
3.41905539261617e+01
3.52409871732708e+01
3.82340592856415e+01
3.23749386177606e+01
2.84190250352847e+01
2.62396556633711e+01
2.42965883303394e+01
2.44417770868505e+01
2.43583430080126e+01
2.72464338191424e+01
3.94653743312719e+01
3.56986217565736e+01
3.02292949102392e+01
3.77943854658453e+01
3.31087401694392e+01
2.93906810805383e+01
2.85466790889549e+01
2.46488651861301e+01
2.40896976589706e+01
2.41172122505644e+01
2.52832366608971e+01
2.77666447257845e+01
3.57811712560041e+01
3.22837250757157e+01
3.04055932210443e+01
3.39937188377256e+01
3.27714356949849e+01
3.06337939239920e+01
2.90600400420212e+01
2.49710244786627e+01
2.41941453188864e+01
2.47179411179733e+01
2.63818385504509e+01
3.27195509874705e+01
3.19651338933029e+01
3.02993945438787e+01
3.27360524551221e+01
3.06246860761385e+01
2.88627622795389e+01
2.57679649703462e+01
2.45928064718252e+01
2.45961062795397e+01
2.49376283070081e+01
2.63039410502904e+01
3.26758556716038e+01
2.97160270979001e+01
2.76362776029299e+01
3.10592425502250e+01
2.92420125543641e+01
2.62427300368607e+01
2.47332919393110e+01
2.50329000811328e+01
2.49487557875661e+01
2.47397312888287e+01
2.71989557832895e+01
3.13251612983084e+01
2.78047432653338e+01
2.57854405891210e+01
2.87422089218265e+01
2.68037779540239e+01
2.55371628676729e+01
2.67619882062383e+01
2.44271477835258e+01
2.43260531290019e+01
2.49474893936942e+01
2.83463440654751e+01
2.75170199769939e+01
2.68681033790090e+01
2.75201225770422e+01
2.80923017817209e+01
2.79202183153269e+01
2.63782473307803e+01
2.41975716795643e+01
2.39815663189779e+01
2.60537327305592e+01
2.84724659148355e+01
2.77499717733067e+01
2.81008337457677e+01
3.04366610367982e+01
2.86201870926592e+01
2.69882271233865e+01
2.40967120232816e+01
2.43121670036522e+01
2.37876459783953e+01
2.77771086538652e+01
3.15643925424259e+01
3.00606940463380e+01
2.56478449284984e+01
3.25296747912466e+01
2.91214507392298e+01
2.47373006397962e+01
2.34002364983728e+01
2.42467423142335e+01
2.46357404303049e+01
3.35685476805877e+01
2.70715913487109e+01
2.50208714448745e+01
3.10979993683496e+01
2.73143481312589e+01
2.51259776702529e+01
2.58977647696606e+01
2.39332009872804e+01
2.64727771655388e+01
3.17664915078357e+01
2.84152490410282e+01
2.58606614842550e+01
3.15460092304360e+01
2.80990474012453e+01
2.61478737168069e+01
2.61591057056931e+01
2.36059975256549e+01
2.77043446226825e+01
3.19076085294490e+01
2.68281512739044e+01
2.65024561869519e+01
3.16759238115702e+01
2.68316012873603e+01
2.64276353049745e+01
2.38744148680943e+01
2.50479443770870e+01
3.09455160885773e+01
2.78273634977836e+01
2.58278193117586e+01
3.03715920540516e+01
2.67213335740023e+01
2.41298573062380e+01
2.29836791877778e+01
2.68121382996027e+01
3.03031445656588e+01
2.53495659483645e+01
2.36930349690403e+01
2.84556387000647e+01
2.62852384606905e+01
2.44140102363130e+01
2.56820649045143e+01
2.91695732241497e+01
2.74696392119273e+01
2.63660806677864e+01
2.57621814055622e+01
2.81817729429998e+01
2.57717691150013e+01
2.65225463919672e+01
2.73280006874043e+01
2.98099114935964e+01
2.71485245228973e+01
2.66183980077463e+01
2.90100010281666e+01
2.93744698555241e+01
2.65626434910632e+01
2.59518183303447e+01
3.20565410832183e+01
2.71511914241182e+01
2.60075237757331e+01
3.26364482225592e+01
2.63860823037808e+01
2.58459583073456e+01
2.73133142250698e+01
2.96064419761699e+01
2.74643595693608e+01
2.55351541012953e+01
3.20052798675921e+01
2.70527509642439e+01
2.67678629558340e+01
2.96291446835306e+01
2.53311883360264e+01
2.84793454404177e+01
2.92703278793651e+01
2.62947461260042e+01
2.80253051942382e+01
2.91312165750467e+01
2.85860783598445e+01
3.08546907924479e+01
2.93083912130098e+01
3.03469653923811e+01
3.06591934175134e+01
